# Made in Blockbench 4.8.3
mtllib Cursed_soul3.mtl

o body
v 0.3125 2.3920551958729837 0.20312820765738815
v 0.3125 2.3266883888122396 -0.544017815911421
v 0.3125 1.7071713409349085 0.26304778079640323
v 0.3125 1.641804533874165 -0.484098242772406
v -0.5625 2.3266883888122396 -0.544017815911421
v -0.5625 2.3920551958729837 0.20312820765738815
v -0.5625 1.641804533874165 -0.484098242772406
v -0.5625 1.7071713409349085 0.26304778079640323
vt 0.09375 0.6875
vt 0.203125 0.6875
vt 0.203125 0.6015625
vt 0.09375 0.6015625
vt 0 0.6875
vt 0.09375 0.6875
vt 0.09375 0.6015625
vt 0 0.6015625
vt 0.296875 0.6875
vt 0.40625 0.6875
vt 0.40625 0.6015625
vt 0.296875 0.6015625
vt 0.203125 0.6875
vt 0.296875 0.6875
vt 0.296875 0.6015625
vt 0.203125 0.6015625
vt 0.203125 0.6875
vt 0.09375 0.6875
vt 0.09375 0.78125
vt 0.203125 0.78125
vt 0.3125 0.78125
vt 0.203125 0.78125
vt 0.203125 0.6875
vt 0.3125 0.6875
vn 0 -0.08715574274765818 -0.9961946980917455
vn 1 0 0
vn 0 0.08715574274765818 0.9961946980917455
vn -1 0 0
vn 0 0.9961946980917455 -0.08715574274765818
vn 0 -0.9961946980917455 0.08715574274765818
usemtl m_1cc8b78f-349c-7832-6f8f-de859e19e23f
f 4/4/1 7/3/1 5/2/1 2/1/1
f 3/8/2 4/7/2 2/6/2 1/5/2
f 8/12/3 3/11/3 1/10/3 6/9/3
f 7/16/4 8/15/4 6/14/4 5/13/4
f 6/20/5 1/19/5 2/18/5 5/17/5
f 7/24/6 4/23/6 3/22/6 8/21/6
o head
v 0.25 3.196016154150798 0.07005199804418183
v 0.25 3.1415438149335118 -0.5525696882631591
v 0.25 2.448870130581989 0.13541880510492543
v 0.25 2.3943977913647028 -0.4872028812024155
v -0.5 3.1415438149335118 -0.5525696882631591
v -0.5 3.196016154150798 0.07005199804418183
v -0.5 2.3943977913647028 -0.4872028812024155
v -0.5 2.448870130581989 0.13541880510492543
vt 0.40625 0.78125
vt 0.5 0.78125
vt 0.5 0.6875
vt 0.40625 0.6875
vt 0.328125 0.78125
vt 0.40625 0.78125
vt 0.40625 0.6875
vt 0.328125 0.6875
vt 0.578125 0.78125
vt 0.671875 0.78125
vt 0.671875 0.6875
vt 0.578125 0.6875
vt 0.5 0.78125
vt 0.578125 0.78125
vt 0.578125 0.6875
vt 0.5 0.6875
vt 0.5 0.78125
vt 0.40625 0.78125
vt 0.40625 0.859375
vt 0.5 0.859375
vt 0.59375 0.859375
vt 0.5 0.859375
vt 0.5 0.78125
vt 0.59375 0.78125
vn 0 -0.08715574274765818 -0.9961946980917455
vn 1 0 0
vn 0 0.08715574274765818 0.9961946980917455
vn -1 0 0
vn 0 0.9961946980917455 -0.08715574274765818
vn 0 -0.9961946980917455 0.08715574274765818
usemtl m_1cc8b78f-349c-7832-6f8f-de859e19e23f
f 12/28/7 15/27/7 13/26/7 10/25/7
f 11/32/8 12/31/8 10/30/8 9/29/8
f 16/36/9 11/35/9 9/34/9 14/33/9
f 15/40/10 16/39/10 14/38/10 13/37/10
f 14/44/11 9/43/11 10/42/11 13/41/11
f 15/48/12 12/47/12 11/46/12 16/45/12
o bottom
v 0.3125 1.8316956781963767 0.25215331295294596
v 0.3125 1.766328871135633 -0.49499271061586325
v 0.3125 0.8355009801046311 0.3393090557006041
v 0.3125 0.7701341730438875 -0.407836967868205
v -0.5625 1.766328871135633 -0.49499271061586325
v -0.5625 1.8316956781963767 0.25215331295294596
v -0.5625 0.7701341730438875 -0.407836967868205
v -0.5625 0.8355009801046311 0.3393090557006041
vt 0.09375 0.90625
vt 0.203125 0.90625
vt 0.203125 0.78125
vt 0.09375 0.78125
vt 0 0.90625
vt 0.09375 0.90625
vt 0.09375 0.78125
vt 0 0.78125
vt 0.296875 0.90625
vt 0.40625 0.90625
vt 0.40625 0.78125
vt 0.296875 0.78125
vt 0.203125 0.90625
vt 0.296875 0.90625
vt 0.296875 0.78125
vt 0.203125 0.78125
vt 0.203125 0.90625
vt 0.09375 0.90625
vt 0.09375 1
vt 0.203125 1
vt 0.3125 1
vt 0.203125 1
vt 0.203125 0.90625
vt 0.3125 0.90625
vn 0 -0.08715574274765818 -0.9961946980917455
vn 1 0 0
vn 0 0.08715574274765818 0.9961946980917455
vn -1 0 0
vn 0 0.9961946980917455 -0.08715574274765818
vn 0 -0.9961946980917455 0.08715574274765818
usemtl m_1cc8b78f-349c-7832-6f8f-de859e19e23f
f 20/52/13 23/51/13 21/50/13 18/49/13
f 19/56/14 20/55/14 18/54/14 17/53/14
f 24/60/15 19/59/15 17/58/15 22/57/15
f 23/64/16 24/63/16 22/62/16 21/61/16
f 22/68/17 17/67/17 18/66/17 21/65/17
f 23/72/18 20/71/18 19/70/18 24/69/18
o upperarm
v 0.625 2.2004620286608807 0.14930202139964566
v 0.625 2.52302086351531 -0.14626869443220575
v 0.625 1.778218148901093 -0.31149631410668177
v 0.625 2.100776983755522 -0.6070670299385331
v 0.375 2.52302086351531 -0.14626869443220575
v 0.375 2.2004620286608807 0.14930202139964566
v 0.375 2.100776983755522 -0.6070670299385331
v 0.375 1.778218148901093 -0.31149631410668177
vt 0.40625 0.6015625
vt 0.4375 0.6015625
vt 0.4375 0.5234375
vt 0.40625 0.5234375
vt 0.3515625 0.6015625
vt 0.40625 0.6015625
vt 0.40625 0.5234375
vt 0.3515625 0.5234375
vt 0.4921875 0.6015625
vt 0.5234375 0.6015625
vt 0.5234375 0.5234375
vt 0.4921875 0.5234375
vt 0.4375 0.6015625
vt 0.4921875 0.6015625
vt 0.4921875 0.5234375
vt 0.4375 0.5234375
vt 0.4375 0.6015625
vt 0.40625 0.6015625
vt 0.40625 0.65625
vt 0.4375 0.65625
vt 0.46875 0.65625
vt 0.4375 0.65625
vt 0.4375 0.6015625
vt 0.46875 0.6015625
vn 0 0.737277336810124 -0.6755902076156605
vn 1 0 0
vn 0 -0.737277336810124 0.6755902076156605
vn -1 0 0
vn 0 0.6755902076156605 0.737277336810124
vn 0 -0.6755902076156605 -0.737277336810124
usemtl m_1cc8b78f-349c-7832-6f8f-de859e19e23f
f 28/76/19 31/75/19 29/74/19 26/73/19
f 27/80/20 28/79/20 26/78/20 25/77/20
f 32/84/21 27/83/21 25/82/21 30/81/21
f 31/88/22 32/87/22 30/86/22 29/85/22
f 30/92/23 25/91/23 26/90/23 29/89/23
f 31/96/24 28/95/24 27/94/24 32/93/24
o lowerarm
v 0.625 1.8726582155830998 -0.25620944758417125
v 0.625 2.149849100951294 -0.4005058892201192
v 0.625 1.5840653323112033 -0.810591218320561
v 0.625 1.8612562176793976 -0.954887659956509
v 0.375 2.149849100951294 -0.4005058892201192
v 0.375 1.8726582155830998 -0.25620944758417125
v 0.375 1.8612562176793976 -0.954887659956509
v 0.375 1.5840653323112033 -0.810591218320561
vt 0.2109375 0.5625
vt 0.2421875 0.5625
vt 0.2421875 0.484375
vt 0.2109375 0.484375
vt 0.171875 0.5625
vt 0.2109375 0.5625
vt 0.2109375 0.484375
vt 0.171875 0.484375
vt 0.28125 0.5625
vt 0.3125 0.5625
vt 0.3125 0.484375
vt 0.28125 0.484375
vt 0.2421875 0.5625
vt 0.28125 0.5625
vt 0.28125 0.484375
vt 0.2421875 0.484375
vt 0.2421875 0.5625
vt 0.2109375 0.5625
vt 0.2109375 0.6015625
vt 0.2421875 0.6015625
vt 0.2734375 0.6015625
vt 0.2421875 0.6015625
vt 0.2421875 0.5625
vt 0.2734375 0.5625
vn 0 0.8870108331782218 -0.4617486132350335
vn 1 0 0
vn 0 -0.8870108331782218 0.4617486132350335
vn -1 0 0
vn 0 0.4617486132350335 0.8870108331782218
vn 0 -0.4617486132350335 -0.8870108331782218
usemtl m_1cc8b78f-349c-7832-6f8f-de859e19e23f
f 36/100/25 39/99/25 37/98/25 34/97/25
f 35/104/26 36/103/26 34/102/26 33/101/26
f 40/108/27 35/107/27 33/106/27 38/105/27
f 39/112/28 40/111/28 38/110/28 37/109/28
f 38/116/29 33/115/29 34/114/29 37/113/29
f 39/120/30 36/119/30 35/118/30 40/117/30
o upperarm
v -0.625 2.2646284703242894 0.1521521960760862
v -0.625 2.432052471984016 -0.25204509939760184
v -0.625 1.6872037625047351 -0.08702494915209485
v -0.625 1.8546277641644617 -0.49122224462578284
v -0.875 2.432052471984016 -0.25204509939760184
v -0.875 2.2646284703242894 0.1521521960760862
v -0.875 1.8546277641644617 -0.49122224462578284
v -0.875 1.6872037625047351 -0.08702494915209485
vt 0.0546875 0.546875
vt 0.0859375 0.546875
vt 0.0859375 0.46875
vt 0.0546875 0.46875
vt 0 0.546875
vt 0.0546875 0.546875
vt 0.0546875 0.46875
vt 0 0.46875
vt 0.140625 0.546875
vt 0.171875 0.546875
vt 0.171875 0.46875
vt 0.140625 0.46875
vt 0.0859375 0.546875
vt 0.140625 0.546875
vt 0.140625 0.46875
vt 0.0859375 0.46875
vt 0.0859375 0.546875
vt 0.0546875 0.546875
vt 0.0546875 0.6015625
vt 0.0859375 0.6015625
vt 0.1171875 0.6015625
vt 0.0859375 0.6015625
vt 0.0859375 0.546875
vt 0.1171875 0.546875
vn 0 0.38268343236508967 -0.9238795325112868
vn 1 0 0
vn 0 -0.38268343236508967 0.9238795325112868
vn -1 0 0
vn 0 0.9238795325112868 0.38268343236508967
vn 0 -0.9238795325112868 -0.38268343236508967
usemtl m_1cc8b78f-349c-7832-6f8f-de859e19e23f
f 44/124/31 47/123/31 45/122/31 42/121/31
f 43/128/32 44/127/32 42/126/32 41/125/32
f 48/132/33 43/131/33 41/130/33 46/129/33
f 47/136/34 48/135/34 46/134/34 45/133/34
f 46/140/35 41/139/35 42/138/35 45/137/35
f 47/144/36 44/143/36 43/142/36 48/141/36
o lowerarm
v -0.625 1.7961607697737318 -0.0768301283217131
v -0.625 1.986398716338957 -0.32475304716272396
v -0.625 1.300314932091709 -0.4573060214521645
v -0.625 1.4905528786569342 -0.7052289402931754
v -0.875 1.986398716338957 -0.32475304716272396
v -0.875 1.7961607697737318 -0.0768301283217131
v -0.875 1.4905528786569342 -0.7052289402931754
v -0.875 1.300314932091709 -0.4573060214521645
vt 0.4453125 0.9609375
vt 0.4765625 0.9609375
vt 0.4765625 0.8828125
vt 0.4453125 0.8828125
vt 0.40625 0.9609375
vt 0.4453125 0.9609375
vt 0.4453125 0.8828125
vt 0.40625 0.8828125
vt 0.515625 0.9609375
vt 0.546875 0.9609375
vt 0.546875 0.8828125
vt 0.515625 0.8828125
vt 0.4765625 0.9609375
vt 0.515625 0.9609375
vt 0.515625 0.8828125
vt 0.4765625 0.8828125
vt 0.4765625 0.9609375
vt 0.4453125 0.9609375
vt 0.4453125 1
vt 0.4765625 1
vt 0.5078125 1
vt 0.4765625 1
vt 0.4765625 0.9609375
vt 0.5078125 0.9609375
vn 0 0.608761429008721 -0.7933533402912348
vn 1 0 0
vn 0 -0.608761429008721 0.7933533402912348
vn -1 0 0
vn 0 0.7933533402912348 0.608761429008721
vn 0 -0.7933533402912348 -0.608761429008721
usemtl m_1cc8b78f-349c-7832-6f8f-de859e19e23f
f 52/148/37 55/147/37 53/146/37 50/145/37
f 51/152/38 52/151/38 50/150/38 49/149/38
f 56/156/39 51/155/39 49/154/39 54/153/39
f 55/160/40 56/159/40 54/158/40 53/157/40
f 54/164/41 49/163/41 50/162/41 53/161/41
f 55/168/42 52/167/42 51/166/42 56/165/42