# Made in Blockbench 4.8.3
mtllib materials.mtl

o upper back
v 0.5 4.09375 0.1875
v 0.5 4.09375 -0.375
v 0.5 3.09375 0.1875
v 0.5 3.09375 -0.375
v -0.5 4.09375 -0.375
v -0.5 4.09375 0.1875
v -0.5 3.09375 -0.375
v -0.5 3.09375 0.1875
vt 0.0703125 0.9296875
vt 0.1953125 0.9296875
vt 0.1953125 0.8046875
vt 0.0703125 0.8046875
vt 0 0.9296875
vt 0.0703125 0.9296875
vt 0.0703125 0.8046875
vt 0 0.8046875
vt 0.265625 0.9296875
vt 0.390625 0.9296875
vt 0.390625 0.8046875
vt 0.265625 0.8046875
vt 0.1953125 0.9296875
vt 0.265625 0.9296875
vt 0.265625 0.8046875
vt 0.1953125 0.8046875
vt 0.1953125 0.9296875
vt 0.0703125 0.9296875
vt 0.0703125 1
vt 0.1953125 1
vt 0.3203125 1
vt 0.1953125 1
vt 0.1953125 0.9296875
vt 0.3203125 0.9296875
vn 0 0 -1
vn 1 0 0
vn 0 0 1
vn -1 0 0
vn 0 1 0
vn 0 -1 0
usemtl m_e7477a7d-bb80-bf1b-43c4-2833dfc8b45d
f 4/4/1 7/3/1 5/2/1 2/1/1
f 3/8/2 4/7/2 2/6/2 1/5/2
f 8/12/3 3/11/3 1/10/3 6/9/3
f 7/16/4 8/15/4 6/14/4 5/13/4
f 6/20/5 1/19/5 2/18/5 5/17/5
f 7/24/6 4/23/6 3/22/6 8/21/6
o right arm bottom
v -0.5 3.815523568157685 1.0551050183830384
v -0.5 3.441499624738271 0.8281417179378103
v -0.5 2.7779770518366433 2.7649287597289316
v -0.5 2.403953108417229 2.5379654592837033
v -0.875 3.441499624738271 0.8281417179378103
v -0.875 3.815523568157685 1.0551050183830384
v -0.875 2.403953108417229 2.5379654592837033
v -0.875 2.7779770518366433 2.7649287597289316
vt 0.0546875 0.6171875
vt 0.1015625 0.6171875
vt 0.1015625 0.3671875
vt 0.0546875 0.3671875
vt 0 0.6171875
vt 0.0546875 0.6171875
vt 0.0546875 0.3671875
vt 0 0.3671875
vt 0.15625 0.6171875
vt 0.203125 0.6171875
vt 0.203125 0.3671875
vt 0.15625 0.3671875
vt 0.1015625 0.6171875
vt 0.15625 0.6171875
vt 0.15625 0.3671875
vt 0.1015625 0.3671875
vt 0.1015625 0.6171875
vt 0.0546875 0.6171875
vt 0.0546875 0.671875
vt 0.1015625 0.671875
vt 0.1484375 0.671875
vt 0.1015625 0.671875
vt 0.1015625 0.6171875
vt 0.1484375 0.6171875
vn 0 -0.8549118706729466 -0.5187732581605212
vn 1 0 0
vn 0 0.8549118706729466 0.5187732581605212
vn -1 0 0
vn 0 0.5187732581605212 -0.8549118706729466
vn 0 -0.5187732581605212 0.8549118706729466
usemtl m_e7477a7d-bb80-bf1b-43c4-2833dfc8b45d
f 12/28/7 15/27/7 13/26/7 10/25/7
f 11/32/8 12/31/8 10/30/8 9/29/8
f 16/36/9 11/35/9 9/34/9 14/33/9
f 15/40/10 16/39/10 14/38/10 13/37/10
f 14/44/11 9/43/11 10/42/11 13/41/11
f 15/48/12 12/47/12 11/46/12 16/45/12
o right arm top
v -0.5 4.323512870624007 -0.24594770436541186
v -0.5 3.915759427812782 -0.40451434611453135
v -0.5 3.779855813198454 1.1520640995587859
v -0.5 3.3721023703872297 0.9934974578096665
v -0.875 3.915759427812782 -0.40451434611453135
v -0.875 4.323512870624007 -0.24594770436541186
v -0.875 3.3721023703872297 0.9934974578096665
v -0.875 3.779855813198454 1.1520640995587859
vt 0.0546875 0.6171875
vt 0.1015625 0.6171875
vt 0.1015625 0.4296875
vt 0.0546875 0.4296875
vt 0 0.6171875
vt 0.0546875 0.6171875
vt 0.0546875 0.4296875
vt 0 0.4296875
vt 0.15625 0.6171875
vt 0.203125 0.6171875
vt 0.203125 0.4296875
vt 0.15625 0.4296875
vt 0.1015625 0.6171875
vt 0.15625 0.6171875
vt 0.15625 0.4296875
vt 0.1015625 0.4296875
vt 0.1015625 0.6171875
vt 0.0546875 0.6171875
vt 0.0546875 0.671875
vt 0.1015625 0.671875
vt 0.1484375 0.671875
vt 0.1015625 0.671875
vt 0.1015625 0.6171875
vt 0.1484375 0.6171875
vn 0 -0.9320078692827984 -0.3624380382837017
vn 1 0 0
vn 0 0.9320078692827984 0.3624380382837017
vn -1 0 0
vn 0 0.3624380382837017 -0.9320078692827984
vn 0 -0.3624380382837017 0.9320078692827984
usemtl m_e7477a7d-bb80-bf1b-43c4-2833dfc8b45d
f 20/52/13 23/51/13 21/50/13 18/49/13
f 19/56/14 20/55/14 18/54/14 17/53/14
f 24/60/15 19/59/15 17/58/15 22/57/15
f 23/64/16 24/63/16 22/62/16 21/61/16
f 22/68/17 17/67/17 18/66/17 21/65/17
f 23/72/18 20/71/18 19/70/18 24/69/18
o Left arm bottom
v 0.875 3.353642766090406 -0.8044146605602824
v 0.875 3.780772269205377 -0.8991069916582024
v 0.875 2.9207635382142008 -2.7570066748001487
v 0.875 3.3478930413291716 -2.8516990058980687
v 0.5 3.780772269205377 -0.8991069916582024
v 0.5 3.353642766090406 -0.8044146605602824
v 0.5 3.3478930413291716 -2.8516990058980687
v 0.5 2.9207635382142008 -2.7570066748001487
vt 0.0546875 0.6171875
vt 0.1015625 0.6171875
vt 0.1015625 0.3671875
vt 0.0546875 0.3671875
vt 0 0.6171875
vt 0.0546875 0.6171875
vt 0.0546875 0.3671875
vt 0 0.3671875
vt 0.15625 0.6171875
vt 0.203125 0.6171875
vt 0.203125 0.3671875
vt 0.15625 0.3671875
vt 0.1015625 0.6171875
vt 0.15625 0.6171875
vt 0.15625 0.3671875
vt 0.1015625 0.3671875
vt 0.1015625 0.6171875
vt 0.0546875 0.6171875
vt 0.0546875 0.671875
vt 0.1015625 0.671875
vt 0.1484375 0.671875
vt 0.1015625 0.671875
vt 0.1015625 0.6171875
vt 0.1484375 0.6171875
vn 0 0.9762960071199335 -0.2164396139381028
vn 1 0 0
vn 0 -0.9762960071199335 0.2164396139381028
vn -1 0 0
vn 0 0.2164396139381028 0.9762960071199335
vn 0 -0.2164396139381028 -0.9762960071199335
usemtl m_e7477a7d-bb80-bf1b-43c4-2833dfc8b45d
f 28/76/19 31/75/19 29/74/19 26/73/19
f 27/80/20 28/79/20 26/78/20 25/77/20
f 32/84/21 27/83/21 25/82/21 30/81/21
f 31/88/22 32/87/22 30/86/22 29/85/22
f 30/92/23 25/91/23 26/90/23 29/89/23
f 31/96/24 28/95/24 27/94/24 32/93/24
o left arm top
v 0.875 4.135655135844533 0.3812473837409047
v 0.875 4.499423091226896 0.13818540679482882
v 0.875 3.3022997863151295 -0.8659570347129131
v 0.875 3.6660677416974927 -1.109019011658989
v 0.5 4.499423091226896 0.13818540679482882
v 0.5 4.135655135844533 0.3812473837409047
v 0.5 3.6660677416974927 -1.109019011658989
v 0.5 3.3022997863151295 -0.8659570347129131
vt 0.0546875 0.6171875
vt 0.1015625 0.6171875
vt 0.1015625 0.4296875
vt 0.0546875 0.4296875
vt 0 0.6171875
vt 0.0546875 0.6171875
vt 0.0546875 0.4296875
vt 0 0.4296875
vt 0.15625 0.6171875
vt 0.203125 0.6171875
vt 0.203125 0.4296875
vt 0.15625 0.4296875
vt 0.1015625 0.6171875
vt 0.15625 0.6171875
vt 0.15625 0.4296875
vt 0.1015625 0.4296875
vt 0.1015625 0.6171875
vt 0.0546875 0.6171875
vt 0.0546875 0.671875
vt 0.1015625 0.671875
vt 0.1484375 0.671875
vt 0.1015625 0.671875
vt 0.1015625 0.6171875
vt 0.1484375 0.6171875
vn 0 0.8314696123025452 -0.5555702330196022
vn 1 0 0
vn 0 -0.8314696123025452 0.5555702330196022
vn -1 0 0
vn 0 0.5555702330196022 0.8314696123025452
vn 0 -0.5555702330196022 -0.8314696123025452
usemtl m_e7477a7d-bb80-bf1b-43c4-2833dfc8b45d
f 36/100/25 39/99/25 37/98/25 34/97/25
f 35/104/26 36/103/26 34/102/26 33/101/26
f 40/108/27 35/107/27 33/106/27 38/105/27
f 39/112/28 40/111/28 38/110/28 37/109/28
f 38/116/29 33/115/29 34/114/29 37/113/29
f 39/120/30 36/119/30 35/118/30 40/117/30
o cube
v 0.25 4.59375 0.1875
v 0.25 4.59375 -0.3125
v 0.25 3.96875 0.1875
v 0.25 3.96875 -0.3125
v -0.25 4.59375 -0.3125
v -0.25 4.59375 0.1875
v -0.25 3.96875 -0.3125
v -0.25 3.96875 0.1875
vt 0.453125 0.9375
vt 0.515625 0.9375
vt 0.515625 0.859375
vt 0.453125 0.859375
vt 0.390625 0.9375
vt 0.453125 0.9375
vt 0.453125 0.859375
vt 0.390625 0.859375
vt 0.578125 0.9375
vt 0.640625 0.9375
vt 0.640625 0.859375
vt 0.578125 0.859375
vt 0.515625 0.9375
vt 0.578125 0.9375
vt 0.578125 0.859375
vt 0.515625 0.859375
vt 0.515625 0.9375
vt 0.453125 0.9375
vt 0.453125 1
vt 0.515625 1
vt 0.578125 1
vt 0.515625 1
vt 0.515625 0.9375
vt 0.578125 0.9375
vn 0 0 -1
vn 1 0 0
vn 0 0 1
vn -1 0 0
vn 0 1 0
vn 0 -1 0
usemtl m_e7477a7d-bb80-bf1b-43c4-2833dfc8b45d
f 44/124/31 47/123/31 45/122/31 42/121/31
f 43/128/32 44/127/32 42/126/32 41/125/32
f 48/132/33 43/131/33 41/130/33 46/129/33
f 47/136/34 48/135/34 46/134/34 45/133/34
f 46/140/35 41/139/35 42/138/35 45/137/35
f 47/144/36 44/143/36 43/142/36 48/141/36
o cube
v -0.22211098336547147 4.419146519243742 0.1875
v -0.22211098336547147 4.419146519243742 -0.3125
v -0.02377264829266268 4.266956161991562 0.1875
v -0.02377264829266268 4.266956161991562 -0.3125
v -0.48844410855678677 4.072054432866326 -0.3125
v -0.48844410855678677 4.072054432866326 0.1875
v -0.290105773483978 3.9198640756141465 -0.3125
v -0.290105773483978 3.9198640756141465 0.1875
vt 0.46875 0.2421875
vt 0.5234375 0.2421875
vt 0.5234375 0.2109375
vt 0.46875 0.2109375
vt 0.40625 0.2421875
vt 0.46875 0.2421875
vt 0.46875 0.2109375
vt 0.40625 0.2109375
vt 0.5859375 0.2421875
vt 0.640625 0.2421875
vt 0.640625 0.2109375
vt 0.5859375 0.2109375
vt 0.5234375 0.2421875
vt 0.5859375 0.2421875
vt 0.5859375 0.2109375
vt 0.5234375 0.2109375
vt 0.5234375 0.2421875
vt 0.46875 0.2421875
vt 0.46875 0.3046875
vt 0.5234375 0.3046875
vt 0.578125 0.3046875
vt 0.5234375 0.3046875
vt 0.5234375 0.2421875
vt 0.578125 0.2421875
vn 0 0 -1
vn 0.6087614290087207 0.7933533402912352 0
vn 0 0 1
vn -0.6087614290087207 -0.7933533402912352 0
vn -0.7933533402912352 0.6087614290087207 0
vn 0.7933533402912352 -0.6087614290087207 0
usemtl m_e7477a7d-bb80-bf1b-43c4-2833dfc8b45d
f 52/148/37 55/147/37 53/146/37 50/145/37
f 51/152/38 52/151/38 50/150/38 49/149/38
f 56/156/39 51/155/39 49/154/39 54/153/39
f 55/160/40 56/159/40 54/158/40 53/157/40
f 54/164/41 49/163/41 50/162/41 53/161/41
f 55/168/42 52/167/42 51/166/42 56/165/42
o cube
v 0.05136340987999288 4.264795426488365 0.1875
v 0.05136340987999288 4.264795426488365 -0.3125
v 0.25615142095224086 4.408189535576127 0.1875
v 0.25615142095224086 4.408189535576127 -0.3125
v 0.3023031007835756 3.906416407111931 -0.3125
v 0.3023031007835756 3.906416407111931 0.1875
v 0.5070911118558235 4.049810516199693 -0.3125
v 0.5070911118558235 4.049810516199693 0.1875
vt 0.46875 0.2421875
vt 0.5234375 0.2421875
vt 0.5234375 0.2109375
vt 0.46875 0.2109375
vt 0.40625 0.2421875
vt 0.46875 0.2421875
vt 0.46875 0.2109375
vt 0.40625 0.2109375
vt 0.5859375 0.2421875
vt 0.640625 0.2421875
vt 0.640625 0.2109375
vt 0.5859375 0.2109375
vt 0.5234375 0.2421875
vt 0.5859375 0.2421875
vt 0.5859375 0.2109375
vt 0.5234375 0.2109375
vt 0.5234375 0.2421875
vt 0.46875 0.2421875
vt 0.46875 0.3046875
vt 0.5234375 0.3046875
vt 0.578125 0.3046875
vt 0.5234375 0.3046875
vt 0.5234375 0.2421875
vt 0.578125 0.2421875
vn 0 0 -1
vn -0.5735764363510462 0.8191520442889919 0
vn 0 0 1
vn 0.5735764363510462 -0.8191520442889919 0
vn -0.8191520442889919 -0.5735764363510462 0
vn 0.8191520442889919 0.5735764363510462 0
usemtl m_e7477a7d-bb80-bf1b-43c4-2833dfc8b45d
f 60/172/43 63/171/43 61/170/43 58/169/43
f 59/176/44 60/175/44 58/174/44 57/173/44
f 64/180/45 59/179/45 57/178/45 62/177/45
f 63/184/46 64/183/46 62/182/46 61/181/46
f 62/188/47 57/187/47 58/186/47 61/185/47
f 63/192/48 60/191/48 59/190/48 64/189/48
o cube
v 0.5 5.59375 0.375
v 0.5 5.59375 -0.4375
v 0.5 4.59375 0.375
v 0.5 4.59375 -0.4375
v -0.5 5.59375 -0.4375
v -0.5 5.59375 0.375
v -0.5 4.59375 -0.4375
v -0.5 4.59375 0.375
vt 0.390625 0.671875
vt 0.515625 0.671875
vt 0.515625 0.546875
vt 0.390625 0.546875
vt 0.2890625 0.671875
vt 0.390625 0.671875
vt 0.390625 0.546875
vt 0.2890625 0.546875
vt 0.6171875 0.671875
vt 0.7421875 0.671875
vt 0.7421875 0.546875
vt 0.6171875 0.546875
vt 0.515625 0.671875
vt 0.6171875 0.671875
vt 0.6171875 0.546875
vt 0.515625 0.546875
vt 0.515625 0.671875
vt 0.390625 0.671875
vt 0.390625 0.7734375
vt 0.515625 0.7734375
vt 0.640625 0.7734375
vt 0.515625 0.7734375
vt 0.515625 0.671875
vt 0.640625 0.671875
vn 0 0 -1
vn 1 0 0
vn 0 0 1
vn -1 0 0
vn 0 1 0
vn 0 -1 0
usemtl m_e7477a7d-bb80-bf1b-43c4-2833dfc8b45d
f 68/196/49 71/195/49 69/194/49 66/193/49
f 67/200/50 68/199/50 66/198/50 65/197/50
f 72/204/51 67/203/51 65/202/51 70/201/51
f 71/208/52 72/207/52 70/206/52 69/205/52
f 70/212/53 65/211/53 66/210/53 69/209/53
f 71/216/54 68/215/54 67/214/54 72/213/54
o cube
v -0.5 4.854001222009164 0.010148142404548421
v -0.5 4.690716091053529 -0.5281307964448192
v -0.5 4.674574909059375 0.06457651938976006
v -0.5 4.51128977810374 -0.47370241945960745
v -0.625 4.690716091053529 -0.5281307964448192
v -0.625 4.854001222009164 0.010148142404548421
v -0.625 4.51128977810374 -0.47370241945960745
v -0.625 4.674574909059375 0.06457651938976006
vt 0.828125 0.5390625
vt 0.84375 0.5390625
vt 0.84375 0.515625
vt 0.828125 0.515625
vt 0.7578125 0.5390625
vt 0.828125 0.5390625
vt 0.828125 0.515625
vt 0.7578125 0.515625
vt 0.9140625 0.5390625
vt 0.9296875 0.5390625
vt 0.9296875 0.515625
vt 0.9140625 0.515625
vt 0.84375 0.5390625
vt 0.9140625 0.5390625
vt 0.9140625 0.515625
vt 0.84375 0.515625
vt 0.84375 0.5390625
vt 0.828125 0.5390625
vt 0.828125 0.609375
vt 0.84375 0.609375
vt 0.859375 0.609375
vt 0.84375 0.609375
vt 0.84375 0.5390625
vt 0.859375 0.5390625
vn 0 -0.2902846772544624 -0.9569403357322089
vn 1 0 0
vn 0 0.2902846772544624 0.9569403357322089
vn -1 0 0
vn 0 0.9569403357322089 -0.2902846772544624
vn 0 -0.9569403357322089 0.2902846772544624
usemtl m_e7477a7d-bb80-bf1b-43c4-2833dfc8b45d
f 76/220/55 79/219/55 77/218/55 74/217/55
f 75/224/56 76/223/56 74/222/56 73/221/56
f 80/228/57 75/227/57 73/226/57 78/225/57
f 79/232/58 80/231/58 78/230/58 77/229/58
f 78/236/59 73/235/59 74/234/59 77/233/59
f 79/240/60 76/239/60 75/238/60 80/237/60
o cube
v 0.625 4.854001222009164 0.010148142404548421
v 0.625 4.690716091053529 -0.5281307964448192
v 0.625 4.674574909059375 0.06457651938976006
v 0.625 4.51128977810374 -0.47370241945960745
v 0.5 4.690716091053529 -0.5281307964448192
v 0.5 4.854001222009164 0.010148142404548421
v 0.5 4.51128977810374 -0.47370241945960745
v 0.5 4.674574909059375 0.06457651938976006
vt 0.8125 0.6328125
vt 0.828125 0.6328125
vt 0.828125 0.609375
vt 0.8125 0.609375
vt 0.7421875 0.6328125
vt 0.8125 0.6328125
vt 0.8125 0.609375
vt 0.7421875 0.609375
vt 0.8984375 0.6328125
vt 0.9140625 0.6328125
vt 0.9140625 0.609375
vt 0.8984375 0.609375
vt 0.828125 0.6328125
vt 0.8984375 0.6328125
vt 0.8984375 0.609375
vt 0.828125 0.609375
vt 0.828125 0.6328125
vt 0.8125 0.6328125
vt 0.8125 0.703125
vt 0.828125 0.703125
vt 0.84375 0.703125
vt 0.828125 0.703125
vt 0.828125 0.6328125
vt 0.84375 0.6328125
vn 0 -0.2902846772544624 -0.9569403357322089
vn 1 0 0
vn 0 0.2902846772544624 0.9569403357322089
vn -1 0 0
vn 0 0.9569403357322089 -0.2902846772544624
vn 0 -0.9569403357322089 0.2902846772544624
usemtl m_e7477a7d-bb80-bf1b-43c4-2833dfc8b45d
f 84/244/61 87/243/61 85/242/61 82/241/61
f 83/248/62 84/247/62 82/246/62 81/245/62
f 88/252/63 83/251/63 81/250/63 86/249/63
f 87/256/64 88/255/64 86/254/64 85/253/64
f 86/260/65 81/259/65 82/258/65 85/257/65
f 87/264/66 84/263/66 83/262/66 88/261/66
o cube
v 0.5 4.727001675710337 -0.408513254478293
v 0.5 4.690716091053529 -0.5281307964448192
v 0.5 4.547575362760548 -0.3540848774930813
v 0.5 4.51128977810374 -0.47370241945960745
v -0.5 4.690716091053529 -0.5281307964448192
v -0.5 4.727001675710337 -0.408513254478293
v -0.5 4.51128977810374 -0.47370241945960745
v -0.5 4.547575362760548 -0.3540848774930813
vt 0.59375 0.984375
vt 0.71875 0.984375
vt 0.71875 0.9609375
vt 0.59375 0.9609375
vt 0.578125 0.984375
vt 0.59375 0.984375
vt 0.59375 0.9609375
vt 0.578125 0.9609375
vt 0.734375 0.984375
vt 0.859375 0.984375
vt 0.859375 0.9609375
vt 0.734375 0.9609375
vt 0.71875 0.984375
vt 0.734375 0.984375
vt 0.734375 0.9609375
vt 0.71875 0.9609375
vt 0.71875 0.984375
vt 0.59375 0.984375
vt 0.59375 1
vt 0.71875 1
vt 0.84375 1
vt 0.71875 1
vt 0.71875 0.984375
vt 0.84375 0.984375
vn 0 -0.2902846772544624 -0.9569403357322089
vn 1 0 0
vn 0 0.2902846772544624 0.9569403357322089
vn -1 0 0
vn 0 0.9569403357322089 -0.2902846772544624
vn 0 -0.9569403357322089 0.2902846772544624
usemtl m_e7477a7d-bb80-bf1b-43c4-2833dfc8b45d
f 92/268/67 95/267/67 93/266/67 90/265/67
f 91/272/68 92/271/68 90/270/68 89/269/68
f 96/276/69 91/275/69 89/274/69 94/273/69
f 95/280/70 96/279/70 94/278/70 93/277/70
f 94/284/71 89/283/71 90/282/71 93/281/71
f 95/288/72 92/287/72 91/286/72 96/285/72
o lower back
v 0.5 3.21875 0.1875
v 0.5 3.21875 -0.375
v 0.5 2.03125 0.1875
v 0.5 2.03125 -0.375
v -0.5 3.21875 -0.375
v -0.5 3.21875 0.1875
v -0.5 2.03125 -0.375
v -0.5 2.03125 0.1875
vt 0.0703125 0.9296875
vt 0.1953125 0.9296875
vt 0.1953125 0.78125
vt 0.0703125 0.78125
vt 0 0.9296875
vt 0.0703125 0.9296875
vt 0.0703125 0.78125
vt 0 0.78125
vt 0.265625 0.9296875
vt 0.390625 0.9296875
vt 0.390625 0.78125
vt 0.265625 0.78125
vt 0.1953125 0.9296875
vt 0.265625 0.9296875
vt 0.265625 0.78125
vt 0.1953125 0.78125
vt 0.1953125 0.9296875
vt 0.0703125 0.9296875
vt 0.0703125 1
vt 0.1953125 1
vt 0.3203125 1
vt 0.1953125 1
vt 0.1953125 0.9296875
vt 0.3203125 0.9296875
vn 0 0 -1
vn 1 0 0
vn 0 0 1
vn -1 0 0
vn 0 1 0
vn 0 -1 0
usemtl m_e7477a7d-bb80-bf1b-43c4-2833dfc8b45d
f 100/292/73 103/291/73 101/290/73 98/289/73
f 99/296/74 100/295/74 98/294/74 97/293/74
f 104/300/75 99/299/75 97/298/75 102/297/75
f 103/304/76 104/303/76 102/302/76 101/301/76
f 102/308/77 97/307/77 98/306/77 101/305/77
f 103/312/78 100/311/78 99/310/78 104/309/78
o left leg bottom
v -0.0625 1.427166596342852 -0.15209382217839507
v -0.0625 1.5677963624129854 -0.5663757538325038
v -0.0625 0.06595453519363748 -0.61416305355169
v -0.0625 0.2065843012637707 -1.0284449852057986
v -0.4375 1.5677963624129854 -0.5663757538325038
v -0.4375 1.427166596342852 -0.15209382217839507
v -0.4375 0.2065843012637707 -1.0284449852057986
v -0.4375 0.06595453519363748 -0.61416305355169
vt 0.6640625 0.4921875
vt 0.7109375 0.4921875
vt 0.7109375 0.3125
vt 0.6640625 0.3125
vt 0.609375 0.4921875
vt 0.6640625 0.4921875
vt 0.6640625 0.3125
vt 0.609375 0.3125
vt 0.765625 0.4921875
vt 0.8125 0.4921875
vt 0.8125 0.3125
vt 0.765625 0.3125
vt 0.7109375 0.4921875
vt 0.765625 0.4921875
vt 0.765625 0.3125
vt 0.7109375 0.3125
vt 0.7109375 0.4921875
vt 0.6640625 0.4921875
vt 0.6640625 0.546875
vt 0.7109375 0.546875
vt 0.7578125 0.546875
vt 0.7109375 0.546875
vt 0.7109375 0.4921875
vt 0.7578125 0.4921875
vn 0 0.3214394653031617 -0.9469301294951058
vn 1 0 0
vn 0 -0.3214394653031617 0.9469301294951058
vn -1 0 0
vn 0 0.9469301294951058 0.3214394653031617
vn 0 -0.9469301294951058 -0.3214394653031617
usemtl m_e7477a7d-bb80-bf1b-43c4-2833dfc8b45d
f 108/316/79 111/315/79 109/314/79 106/313/79
f 107/320/80 108/319/80 106/318/80 105/317/80
f 112/324/81 107/323/81 105/322/81 110/321/81
f 111/328/82 112/327/82 110/326/82 109/325/82
f 110/332/83 105/331/83 106/330/83 109/329/83
f 111/336/84 108/335/84 107/334/84 112/333/84
o left leg top
v -0.0625 2.1483554273517846 0.19252939745596231
v -0.0625 2.3332509168633404 -0.20398025937257191
v -0.0625 1.2420476403151346 -0.23008886428473702
v -0.0625 1.4269431298266904 -0.6265985211132714
v -0.4375 2.3332509168633404 -0.20398025937257191
v -0.4375 2.1483554273517846 0.19252939745596231
v -0.4375 1.4269431298266904 -0.6265985211132714
v -0.4375 1.2420476403151346 -0.23008886428473702
vt 0.6640625 0.4921875
vt 0.7109375 0.4921875
vt 0.7109375 0.3671875
vt 0.6640625 0.3671875
vt 0.609375 0.4921875
vt 0.6640625 0.4921875
vt 0.6640625 0.3671875
vt 0.609375 0.3671875
vt 0.765625 0.4921875
vt 0.8125 0.4921875
vt 0.8125 0.3671875
vt 0.765625 0.3671875
vt 0.7109375 0.4921875
vt 0.765625 0.4921875
vt 0.765625 0.3671875
vt 0.7109375 0.3671875
vt 0.7109375 0.4921875
vt 0.6640625 0.4921875
vt 0.6640625 0.546875
vt 0.7109375 0.546875
vt 0.7578125 0.546875
vt 0.7109375 0.546875
vt 0.7109375 0.4921875
vt 0.7578125 0.4921875
vn 0 0.42261826174069944 -0.9063077870366499
vn 1 0 0
vn 0 -0.42261826174069944 0.9063077870366499
vn -1 0 0
vn 0 0.9063077870366499 0.42261826174069944
vn 0 -0.9063077870366499 -0.42261826174069944
usemtl m_e7477a7d-bb80-bf1b-43c4-2833dfc8b45d
f 116/340/85 119/339/85 117/338/85 114/337/85
f 115/344/86 116/343/86 114/342/86 113/341/86
f 120/348/87 115/347/87 113/346/87 118/345/87
f 119/352/88 120/351/88 118/350/88 117/349/88
f 118/356/89 113/355/89 114/354/89 117/353/89
f 119/360/90 116/359/90 115/358/90 120/357/90
o right leg bottom
v 0.4375 1.4839071802289554 0.26236775876827023
v 0.4375 1.2869891122750776 -0.12831052897410222
v 0.4375 0.2002499490754457 0.9093842677595829
v 0.4375 0.0033318811215679034 0.5187059800172105
v 0.0625 1.2869891122750776 -0.12831052897410222
v 0.0625 1.4839071802289554 0.26236775876827023
v 0.0625 0.0033318811215679034 0.5187059800172105
v 0.0625 0.2002499490754457 0.9093842677595829
vt 0.6640625 0.4921875
vt 0.7109375 0.4921875
vt 0.7109375 0.3125
vt 0.6640625 0.3125
vt 0.609375 0.4921875
vt 0.6640625 0.4921875
vt 0.6640625 0.3125
vt 0.609375 0.3125
vt 0.765625 0.4921875
vt 0.8125 0.4921875
vt 0.8125 0.3125
vt 0.765625 0.3125
vt 0.7109375 0.4921875
vt 0.765625 0.4921875
vt 0.765625 0.3125
vt 0.7109375 0.3125
vt 0.7109375 0.4921875
vt 0.6640625 0.4921875
vt 0.6640625 0.546875
vt 0.7109375 0.546875
vt 0.7578125 0.546875
vt 0.7109375 0.546875
vt 0.7109375 0.4921875
vt 0.7578125 0.4921875
vn 0 -0.4500984410374349 -0.8929789434111371
vn 1 0 0
vn 0 0.4500984410374349 0.8929789434111371
vn -1 0 0
vn 0 0.8929789434111371 -0.4500984410374349
vn 0 -0.8929789434111371 0.4500984410374349
usemtl m_e7477a7d-bb80-bf1b-43c4-2833dfc8b45d
f 124/364/91 127/363/91 125/362/91 122/361/91
f 123/368/92 124/367/92 122/366/92 121/365/92
f 128/372/93 123/371/93 121/370/93 126/369/93
f 127/376/94 128/375/94 126/374/94 125/373/94
f 126/380/95 121/379/95 122/378/95 125/377/95
f 127/384/96 124/383/96 123/382/96 128/381/96
o right leg top
v 0.4375 2.242656461911305 0.010580282808967056
v 0.4375 2.093022649206325 -0.40053523878486785
v 0.4375 1.3029638411253965 0.3526004261346357
v 0.4375 1.1533300284204164 -0.058515095459199196
v 0.0625 2.093022649206325 -0.40053523878486785
v 0.0625 2.242656461911305 0.010580282808967056
v 0.0625 1.1533300284204164 -0.058515095459199196
v 0.0625 1.3029638411253965 0.3526004261346357
vt 0.6640625 0.4921875
vt 0.7109375 0.4921875
vt 0.7109375 0.3671875
vt 0.6640625 0.3671875
vt 0.609375 0.4921875
vt 0.6640625 0.4921875
vt 0.6640625 0.3671875
vt 0.609375 0.3671875
vt 0.765625 0.4921875
vt 0.8125 0.4921875
vt 0.8125 0.3671875
vt 0.765625 0.3671875
vt 0.7109375 0.4921875
vt 0.765625 0.4921875
vt 0.765625 0.3671875
vt 0.7109375 0.3671875
vt 0.7109375 0.4921875
vt 0.6640625 0.4921875
vt 0.6640625 0.546875
vt 0.7109375 0.546875
vt 0.7578125 0.546875
vt 0.7109375 0.546875
vt 0.7109375 0.4921875
vt 0.7578125 0.4921875
vn 0 -0.34202014332566866 -0.9396926207859084
vn 1 0 0
vn 0 0.34202014332566866 0.9396926207859084
vn -1 0 0
vn 0 0.9396926207859084 -0.34202014332566866
vn 0 -0.9396926207859084 0.34202014332566866
usemtl m_e7477a7d-bb80-bf1b-43c4-2833dfc8b45d
f 132/388/97 135/387/97 133/386/97 130/385/97
f 131/392/98 132/391/98 130/390/98 129/389/98
f 136/396/99 131/395/99 129/394/99 134/393/99
f 135/400/100 136/399/100 134/398/100 133/397/100
f 134/404/101 129/403/101 130/402/101 133/401/101
f 135/408/102 132/407/102 131/406/102 136/405/102