# Made in Blockbench 4.8.3
mtllib materials.mtl

o upper back
v 0.5 4.072916666666666 0.1875
v 0.5 4.072916666666666 -0.375
v 0.5 3.072916666666666 0.1875
v 0.5 3.072916666666666 -0.375
v -0.5 4.072916666666666 -0.375
v -0.5 4.072916666666666 0.1875
v -0.5 3.072916666666666 -0.375
v -0.5 3.072916666666666 0.1875
vt 0.0703125 0.9296875
vt 0.1953125 0.9296875
vt 0.1953125 0.8046875
vt 0.0703125 0.8046875
vt 0 0.9296875
vt 0.0703125 0.9296875
vt 0.0703125 0.8046875
vt 0 0.8046875
vt 0.265625 0.9296875
vt 0.390625 0.9296875
vt 0.390625 0.8046875
vt 0.265625 0.8046875
vt 0.1953125 0.9296875
vt 0.265625 0.9296875
vt 0.265625 0.8046875
vt 0.1953125 0.8046875
vt 0.1953125 0.9296875
vt 0.0703125 0.9296875
vt 0.0703125 1
vt 0.1953125 1
vt 0.3203125 1
vt 0.1953125 1
vt 0.1953125 0.9296875
vt 0.3203125 0.9296875
vn 0 0 -1
vn 1 0 0
vn 0 0 1
vn -1 0 0
vn 0 1 0
vn 0 -1 0
usemtl m_e7477a7d-bb80-bf1b-43c4-2833dfc8b45d
f 4/4/1 7/3/1 5/2/1 2/1/1
f 3/8/2 4/7/2 2/6/2 1/5/2
f 8/12/3 3/11/3 1/10/3 6/9/3
f 7/16/4 8/15/4 6/14/4 5/13/4
f 6/20/5 1/19/5 2/18/5 5/17/5
f 7/24/6 4/23/6 3/22/6 8/21/6
o right arm bottom
v -0.5 3.6898737746955437 1.0259346090705432
v -0.5 3.348674313342408 0.7520930899900173
v -0.5 2.4380268303274253 2.5857035752563062
v -0.5 2.0968273689742896 2.3118620561757806
v -0.875 3.348674313342408 0.7520930899900173
v -0.875 3.6898737746955437 1.0259346090705432
v -0.875 2.0968273689742896 2.3118620561757806
v -0.875 2.4380268303274253 2.5857035752563062
vt 0.0546875 0.6171875
vt 0.1015625 0.6171875
vt 0.1015625 0.3671875
vt 0.0546875 0.3671875
vt 0 0.6171875
vt 0.0546875 0.6171875
vt 0.0546875 0.3671875
vt 0 0.3671875
vt 0.15625 0.6171875
vt 0.203125 0.6171875
vt 0.203125 0.3671875
vt 0.15625 0.3671875
vt 0.1015625 0.6171875
vt 0.15625 0.6171875
vt 0.15625 0.3671875
vt 0.1015625 0.3671875
vt 0.1015625 0.6171875
vt 0.0546875 0.6171875
vt 0.0546875 0.671875
vt 0.1015625 0.671875
vt 0.1484375 0.671875
vt 0.1015625 0.671875
vt 0.1015625 0.6171875
vt 0.1484375 0.6171875
vn 0 -0.7798844830928816 -0.6259234721840592
vn 1 0 0
vn 0 0.7798844830928816 0.6259234721840592
vn -1 0 0
vn 0 0.6259234721840592 -0.7798844830928816
vn 0 -0.6259234721840592 0.7798844830928816
usemtl m_e7477a7d-bb80-bf1b-43c4-2833dfc8b45d
f 12/28/7 15/27/7 13/26/7 10/25/7
f 11/32/8 12/31/8 10/30/8 9/29/8
f 16/36/9 11/35/9 9/34/9 14/33/9
f 15/40/10 16/39/10 14/38/10 13/37/10
f 14/44/11 9/43/11 10/42/11 13/41/11
f 15/48/12 12/47/12 11/46/12 16/45/12
o right arm top
v -0.5 4.326486681476415 -0.22132215792681897
v -0.5 3.9369606216565822 -0.42050975473253416
v -0.5 3.643557778142534 1.1141957614554643
v -0.5 3.254031718322701 0.915008164649749
v -0.875 3.9369606216565822 -0.42050975473253416
v -0.875 4.326486681476415 -0.22132215792681897
v -0.875 3.254031718322701 0.915008164649749
v -0.875 3.643557778142534 1.1141957614554643
vt 0.0546875 0.6171875
vt 0.1015625 0.6171875
vt 0.1015625 0.4296875
vt 0.0546875 0.4296875
vt 0 0.6171875
vt 0.0546875 0.6171875
vt 0.0546875 0.4296875
vt 0 0.4296875
vt 0.15625 0.6171875
vt 0.203125 0.6171875
vt 0.203125 0.4296875
vt 0.15625 0.4296875
vt 0.1015625 0.6171875
vt 0.15625 0.6171875
vt 0.15625 0.4296875
vt 0.1015625 0.4296875
vt 0.1015625 0.6171875
vt 0.0546875 0.6171875
vt 0.0546875 0.671875
vt 0.1015625 0.671875
vt 0.1484375 0.671875
vt 0.1015625 0.671875
vt 0.1015625 0.6171875
vt 0.1484375 0.6171875
vn 0 -0.8903452795881889 -0.45528593555592045
vn 1 0 0
vn 0 0.8903452795881889 0.45528593555592045
vn -1 0 0
vn 0 0.45528593555592045 -0.8903452795881889
vn 0 -0.45528593555592045 0.8903452795881889
usemtl m_e7477a7d-bb80-bf1b-43c4-2833dfc8b45d
f 20/52/13 23/51/13 21/50/13 18/49/13
f 19/56/14 20/55/14 18/54/14 17/53/14
f 24/60/15 19/59/15 17/58/15 22/57/15
f 23/64/16 24/63/16 22/62/16 21/61/16
f 22/68/17 17/67/17 18/66/17 21/65/17
f 23/72/18 20/71/18 19/70/18 24/69/18
o Left arm bottom
v 0.875 3.2998923994595555 -0.7688563793294485
v 0.875 3.717143565411904 -0.900415166612568
v 0.875 2.6984808004510086 -2.676290280825902
v 0.875 3.115731966403358 -2.8078490681090216
v 0.5 3.717143565411904 -0.900415166612568
v 0.5 3.2998923994595555 -0.7688563793294485
v 0.5 3.115731966403358 -2.8078490681090216
v 0.5 2.6984808004510086 -2.676290280825902
vt 0.0546875 0.6171875
vt 0.1015625 0.6171875
vt 0.1015625 0.3671875
vt 0.0546875 0.3671875
vt 0 0.6171875
vt 0.0546875 0.6171875
vt 0.0546875 0.3671875
vt 0 0.3671875
vt 0.15625 0.6171875
vt 0.203125 0.6171875
vt 0.203125 0.3671875
vt 0.15625 0.3671875
vt 0.1015625 0.6171875
vt 0.15625 0.6171875
vt 0.15625 0.3671875
vt 0.1015625 0.3671875
vt 0.1015625 0.6171875
vt 0.0546875 0.6171875
vt 0.0546875 0.671875
vt 0.1015625 0.671875
vt 0.1484375 0.671875
vt 0.1015625 0.671875
vt 0.1015625 0.6171875
vt 0.1484375 0.6171875
vn 0 0.9537169507482268 -0.30070579950427323
vn 1 0 0
vn 0 -0.9537169507482268 0.30070579950427323
vn -1 0 0
vn 0 0.30070579950427323 0.9537169507482268
vn 0 -0.30070579950427323 -0.9537169507482268
usemtl m_e7477a7d-bb80-bf1b-43c4-2833dfc8b45d
f 28/76/19 31/75/19 29/74/19 26/73/19
f 27/80/20 28/79/20 26/78/20 25/77/20
f 32/84/21 27/83/21 25/82/21 30/81/21
f 31/88/22 32/87/22 30/86/22 29/85/22
f 30/92/23 25/91/23 26/90/23 29/89/23
f 31/96/24 28/95/24 27/94/24 32/93/24
o left arm top
v 0.875 4.131352209269574 0.3763304326457537
v 0.875 4.484171723636598 0.11763246148668638
v 0.875 3.2443877367242004 -0.83333647375547
v 0.875 3.5972072510912234 -1.0920344449145374
v 0.5 4.484171723636598 0.11763246148668638
v 0.5 4.131352209269574 0.3763304326457537
v 0.5 3.5972072510912234 -1.0920344449145374
v 0.5 3.2443877367242004 -0.83333647375547
vt 0.0546875 0.6171875
vt 0.1015625 0.6171875
vt 0.1015625 0.4296875
vt 0.0546875 0.4296875
vt 0 0.6171875
vt 0.0546875 0.6171875
vt 0.0546875 0.4296875
vt 0 0.4296875
vt 0.15625 0.6171875
vt 0.203125 0.6171875
vt 0.203125 0.4296875
vt 0.15625 0.4296875
vt 0.1015625 0.6171875
vt 0.15625 0.6171875
vt 0.15625 0.4296875
vt 0.1015625 0.4296875
vt 0.1015625 0.6171875
vt 0.0546875 0.6171875
vt 0.0546875 0.671875
vt 0.1015625 0.671875
vt 0.1484375 0.671875
vt 0.1015625 0.671875
vt 0.1015625 0.6171875
vt 0.1484375 0.6171875
vn 0 0.8064446042674825 -0.5913096483635825
vn 1 0 0
vn 0 -0.8064446042674825 0.5913096483635825
vn -1 0 0
vn 0 0.5913096483635825 0.8064446042674825
vn 0 -0.5913096483635825 -0.8064446042674825
usemtl m_e7477a7d-bb80-bf1b-43c4-2833dfc8b45d
f 36/100/25 39/99/25 37/98/25 34/97/25
f 35/104/26 36/103/26 34/102/26 33/101/26
f 40/108/27 35/107/27 33/106/27 38/105/27
f 39/112/28 40/111/28 38/110/28 37/109/28
f 38/116/29 33/115/29 34/114/29 37/113/29
f 39/120/30 36/119/30 35/118/30 40/117/30
o cube
v 0.25 4.572916666666666 0.1875
v 0.25 4.572916666666666 -0.3125
v 0.25 3.947916666666666 0.1875
v 0.25 3.947916666666666 -0.3125
v -0.25 4.572916666666666 -0.3125
v -0.25 4.572916666666666 0.1875
v -0.25 3.947916666666666 -0.3125
v -0.25 3.947916666666666 0.1875
vt 0.453125 0.9375
vt 0.515625 0.9375
vt 0.515625 0.859375
vt 0.453125 0.859375
vt 0.390625 0.9375
vt 0.453125 0.9375
vt 0.453125 0.859375
vt 0.390625 0.859375
vt 0.578125 0.9375
vt 0.640625 0.9375
vt 0.640625 0.859375
vt 0.578125 0.859375
vt 0.515625 0.9375
vt 0.578125 0.9375
vt 0.578125 0.859375
vt 0.515625 0.859375
vt 0.515625 0.9375
vt 0.453125 0.9375
vt 0.453125 1
vt 0.515625 1
vt 0.578125 1
vt 0.515625 1
vt 0.515625 0.9375
vt 0.578125 0.9375
vn 0 0 -1
vn 1 0 0
vn 0 0 1
vn -1 0 0
vn 0 1 0
vn 0 -1 0
usemtl m_e7477a7d-bb80-bf1b-43c4-2833dfc8b45d
f 44/124/31 47/123/31 45/122/31 42/121/31
f 43/128/32 44/127/32 42/126/32 41/125/32
f 48/132/33 43/131/33 41/130/33 46/129/33
f 47/136/34 48/135/34 46/134/34 45/133/34
f 46/140/35 41/139/35 42/138/35 45/137/35
f 47/144/36 44/143/36 43/142/36 48/141/36
o cube
v -0.22211098336547147 4.398313185910408 0.1875
v -0.22211098336547147 4.398313185910408 -0.3125
v -0.02377264829266268 4.246122828658228 0.1875
v -0.02377264829266268 4.246122828658228 -0.3125
v -0.48844410855678677 4.0512210995329925 -0.3125
v -0.48844410855678677 4.0512210995329925 0.1875
v -0.290105773483978 3.8990307422808126 -0.3125
v -0.290105773483978 3.8990307422808126 0.1875
vt 0.46875 0.2421875
vt 0.5234375 0.2421875
vt 0.5234375 0.2109375
vt 0.46875 0.2109375
vt 0.40625 0.2421875
vt 0.46875 0.2421875
vt 0.46875 0.2109375
vt 0.40625 0.2109375
vt 0.5859375 0.2421875
vt 0.640625 0.2421875
vt 0.640625 0.2109375
vt 0.5859375 0.2109375
vt 0.5234375 0.2421875
vt 0.5859375 0.2421875
vt 0.5859375 0.2109375
vt 0.5234375 0.2109375
vt 0.5234375 0.2421875
vt 0.46875 0.2421875
vt 0.46875 0.3046875
vt 0.5234375 0.3046875
vt 0.578125 0.3046875
vt 0.5234375 0.3046875
vt 0.5234375 0.2421875
vt 0.578125 0.2421875
vn 0 0 -1
vn 0.6087614290087207 0.7933533402912352 0
vn 0 0 1
vn -0.6087614290087207 -0.7933533402912352 0
vn -0.7933533402912352 0.6087614290087207 0
vn 0.7933533402912352 -0.6087614290087207 0
usemtl m_e7477a7d-bb80-bf1b-43c4-2833dfc8b45d
f 52/148/37 55/147/37 53/146/37 50/145/37
f 51/152/38 52/151/38 50/150/38 49/149/38
f 56/156/39 51/155/39 49/154/39 54/153/39
f 55/160/40 56/159/40 54/158/40 53/157/40
f 54/164/41 49/163/41 50/162/41 53/161/41
f 55/168/42 52/167/42 51/166/42 56/165/42
o cube
v 0.05136340987999288 4.243962093155031 0.1875
v 0.05136340987999288 4.243962093155031 -0.3125
v 0.25615142095224086 4.387356202242793 0.1875
v 0.25615142095224086 4.387356202242793 -0.3125
v 0.3023031007835756 3.885583073778597 -0.3125
v 0.3023031007835756 3.885583073778597 0.1875
v 0.5070911118558235 4.028977182866359 -0.3125
v 0.5070911118558235 4.028977182866359 0.1875
vt 0.46875 0.2421875
vt 0.5234375 0.2421875
vt 0.5234375 0.2109375
vt 0.46875 0.2109375
vt 0.40625 0.2421875
vt 0.46875 0.2421875
vt 0.46875 0.2109375
vt 0.40625 0.2109375
vt 0.5859375 0.2421875
vt 0.640625 0.2421875
vt 0.640625 0.2109375
vt 0.5859375 0.2109375
vt 0.5234375 0.2421875
vt 0.5859375 0.2421875
vt 0.5859375 0.2109375
vt 0.5234375 0.2109375
vt 0.5234375 0.2421875
vt 0.46875 0.2421875
vt 0.46875 0.3046875
vt 0.5234375 0.3046875
vt 0.578125 0.3046875
vt 0.5234375 0.3046875
vt 0.5234375 0.2421875
vt 0.578125 0.2421875
vn 0 0 -1
vn -0.5735764363510462 0.8191520442889919 0
vn 0 0 1
vn 0.5735764363510462 -0.8191520442889919 0
vn -0.8191520442889919 -0.5735764363510462 0
vn 0.8191520442889919 0.5735764363510462 0
usemtl m_e7477a7d-bb80-bf1b-43c4-2833dfc8b45d
f 60/172/43 63/171/43 61/170/43 58/169/43
f 59/176/44 60/175/44 58/174/44 57/173/44
f 64/180/45 59/179/45 57/178/45 62/177/45
f 63/184/46 64/183/46 62/182/46 61/181/46
f 62/188/47 57/187/47 58/186/47 61/185/47
f 63/192/48 60/191/48 59/190/48 64/189/48
o cube
v 0.5 5.572916666666666 0.375
v 0.5 5.572916666666666 -0.4375
v 0.5 4.572916666666666 0.375
v 0.5 4.572916666666666 -0.4375
v -0.5 5.572916666666666 -0.4375
v -0.5 5.572916666666666 0.375
v -0.5 4.572916666666666 -0.4375
v -0.5 4.572916666666666 0.375
vt 0.390625 0.671875
vt 0.515625 0.671875
vt 0.515625 0.546875
vt 0.390625 0.546875
vt 0.2890625 0.671875
vt 0.390625 0.671875
vt 0.390625 0.546875
vt 0.2890625 0.546875
vt 0.6171875 0.671875
vt 0.7421875 0.671875
vt 0.7421875 0.546875
vt 0.6171875 0.546875
vt 0.515625 0.671875
vt 0.6171875 0.671875
vt 0.6171875 0.546875
vt 0.515625 0.546875
vt 0.515625 0.671875
vt 0.390625 0.671875
vt 0.390625 0.7734375
vt 0.515625 0.7734375
vt 0.640625 0.7734375
vt 0.515625 0.7734375
vt 0.515625 0.671875
vt 0.640625 0.671875
vn 0 0 -1
vn 1 0 0
vn 0 0 1
vn -1 0 0
vn 0 1 0
vn 0 -1 0
usemtl m_e7477a7d-bb80-bf1b-43c4-2833dfc8b45d
f 68/196/49 71/195/49 69/194/49 66/193/49
f 67/200/50 68/199/50 66/198/50 65/197/50
f 72/204/51 67/203/51 65/202/51 70/201/51
f 71/208/52 72/207/52 70/206/52 69/205/52
f 70/212/53 65/211/53 66/210/53 69/209/53
f 71/216/54 68/215/54 67/214/54 72/213/54
o cube
v -0.5 4.833238111036925 0.009164308090744644
v -0.5 4.666042857322396 -0.5279129648740815
v -0.5 4.6542123533819835 0.06489605932892095
v -0.5 4.487017099667454 -0.47218121363590504
v -0.625 4.666042857322396 -0.5279129648740815
v -0.625 4.833238111036925 0.009164308090744644
v -0.625 4.487017099667454 -0.47218121363590504
v -0.625 4.6542123533819835 0.06489605932892095
vt 0.828125 0.5390625
vt 0.84375 0.5390625
vt 0.84375 0.515625
vt 0.828125 0.515625
vt 0.7578125 0.5390625
vt 0.828125 0.5390625
vt 0.828125 0.515625
vt 0.7578125 0.515625
vt 0.9140625 0.5390625
vt 0.9296875 0.5390625
vt 0.9296875 0.515625
vt 0.9140625 0.515625
vt 0.84375 0.5390625
vt 0.9140625 0.5390625
vt 0.9140625 0.515625
vt 0.84375 0.515625
vt 0.84375 0.5390625
vt 0.828125 0.5390625
vt 0.828125 0.609375
vt 0.84375 0.609375
vt 0.859375 0.609375
vt 0.84375 0.609375
vt 0.84375 0.5390625
vt 0.859375 0.5390625
vn 0 -0.2972360066036076 -0.9548040408263574
vn 1 0 0
vn 0 0.2972360066036076 0.9548040408263574
vn -1 0 0
vn 0 0.9548040408263574 -0.2972360066036076
vn 0 -0.9548040408263574 0.2972360066036076
usemtl m_e7477a7d-bb80-bf1b-43c4-2833dfc8b45d
f 76/220/55 79/219/55 77/218/55 74/217/55
f 75/224/56 76/223/56 74/222/56 73/221/56
f 80/228/57 75/227/57 73/226/57 78/225/57
f 79/232/58 80/231/58 78/230/58 77/229/58
f 78/236/59 73/235/59 74/234/59 77/233/59
f 79/240/60 76/239/60 75/238/60 80/237/60
o cube
v 0.625 4.833238111036925 0.009164308090744644
v 0.625 4.666042857322396 -0.5279129648740815
v 0.625 4.6542123533819835 0.06489605932892095
v 0.625 4.487017099667454 -0.47218121363590504
v 0.5 4.666042857322396 -0.5279129648740815
v 0.5 4.833238111036925 0.009164308090744644
v 0.5 4.487017099667454 -0.47218121363590504
v 0.5 4.6542123533819835 0.06489605932892095
vt 0.8125 0.6328125
vt 0.828125 0.6328125
vt 0.828125 0.609375
vt 0.8125 0.609375
vt 0.7421875 0.6328125
vt 0.8125 0.6328125
vt 0.8125 0.609375
vt 0.7421875 0.609375
vt 0.8984375 0.6328125
vt 0.9140625 0.6328125
vt 0.9140625 0.609375
vt 0.8984375 0.609375
vt 0.828125 0.6328125
vt 0.8984375 0.6328125
vt 0.8984375 0.609375
vt 0.828125 0.609375
vt 0.828125 0.6328125
vt 0.8125 0.6328125
vt 0.8125 0.703125
vt 0.828125 0.703125
vt 0.84375 0.703125
vt 0.828125 0.703125
vt 0.828125 0.6328125
vt 0.84375 0.6328125
vn 0 -0.2972360066036076 -0.9548040408263574
vn 1 0 0
vn 0 0.2972360066036076 0.9548040408263574
vn -1 0 0
vn 0 0.9548040408263574 -0.2972360066036076
vn 0 -0.9548040408263574 0.2972360066036076
usemtl m_e7477a7d-bb80-bf1b-43c4-2833dfc8b45d
f 84/244/61 87/243/61 85/242/61 82/241/61
f 83/248/62 84/247/62 82/246/62 81/245/62
f 88/252/63 83/251/63 81/250/63 86/249/63
f 87/256/64 88/255/64 86/254/64 85/253/64
f 86/260/65 81/259/65 82/258/65 85/257/65
f 87/264/66 84/263/66 83/262/66 88/261/66
o cube
v 0.5 4.703197358147847 -0.40856245977078676
v 0.5 4.666042857322396 -0.5279129648740815
v 0.5 4.524171600492905 -0.35283070853261034
v 0.5 4.487017099667454 -0.47218121363590504
v -0.5 4.666042857322396 -0.5279129648740815
v -0.5 4.703197358147847 -0.40856245977078676
v -0.5 4.487017099667454 -0.47218121363590504
v -0.5 4.524171600492905 -0.35283070853261034
vt 0.59375 0.984375
vt 0.71875 0.984375
vt 0.71875 0.9609375
vt 0.59375 0.9609375
vt 0.578125 0.984375
vt 0.59375 0.984375
vt 0.59375 0.9609375
vt 0.578125 0.9609375
vt 0.734375 0.984375
vt 0.859375 0.984375
vt 0.859375 0.9609375
vt 0.734375 0.9609375
vt 0.71875 0.984375
vt 0.734375 0.984375
vt 0.734375 0.9609375
vt 0.71875 0.9609375
vt 0.71875 0.984375
vt 0.59375 0.984375
vt 0.59375 1
vt 0.71875 1
vt 0.84375 1
vt 0.71875 1
vt 0.71875 0.984375
vt 0.84375 0.984375
vn 0 -0.2972360066036076 -0.9548040408263574
vn 1 0 0
vn 0 0.2972360066036076 0.9548040408263574
vn -1 0 0
vn 0 0.9548040408263574 -0.2972360066036076
vn 0 -0.9548040408263574 0.2972360066036076
usemtl m_e7477a7d-bb80-bf1b-43c4-2833dfc8b45d
f 92/268/67 95/267/67 93/266/67 90/265/67
f 91/272/68 92/271/68 90/270/68 89/269/68
f 96/276/69 91/275/69 89/274/69 94/273/69
f 95/280/70 96/279/70 94/278/70 93/277/70
f 94/284/71 89/283/71 90/282/71 93/281/71
f 95/288/72 92/287/72 91/286/72 96/285/72
o lower back
v 0.5 3.1979166666666665 0.1875
v 0.5 3.1979166666666665 -0.375
v 0.5 2.0104166666666665 0.1875
v 0.5 2.0104166666666665 -0.375
v -0.5 3.1979166666666665 -0.375
v -0.5 3.1979166666666665 0.1875
v -0.5 2.0104166666666665 -0.375
v -0.5 2.0104166666666665 0.1875
vt 0.0703125 0.9296875
vt 0.1953125 0.9296875
vt 0.1953125 0.78125
vt 0.0703125 0.78125
vt 0 0.9296875
vt 0.0703125 0.9296875
vt 0.0703125 0.78125
vt 0 0.78125
vt 0.265625 0.9296875
vt 0.390625 0.9296875
vt 0.390625 0.78125
vt 0.265625 0.78125
vt 0.1953125 0.9296875
vt 0.265625 0.9296875
vt 0.265625 0.78125
vt 0.1953125 0.78125
vt 0.1953125 0.9296875
vt 0.0703125 0.9296875
vt 0.0703125 1
vt 0.1953125 1
vt 0.3203125 1
vt 0.1953125 1
vt 0.1953125 0.9296875
vt 0.3203125 0.9296875
vn 0 0 -1
vn 1 0 0
vn 0 0 1
vn -1 0 0
vn 0 1 0
vn 0 -1 0
usemtl m_e7477a7d-bb80-bf1b-43c4-2833dfc8b45d
f 100/292/73 103/291/73 101/290/73 98/289/73
f 99/296/74 100/295/74 98/294/74 97/293/74
f 104/300/75 99/299/75 97/298/75 102/297/75
f 103/304/76 104/303/76 102/302/76 101/301/76
f 102/308/77 97/307/77 98/306/77 101/305/77
f 103/312/78 100/311/78 99/310/78 104/309/78
o left leg bottom
v -0.0625 1.4123077847813055 -0.12016854266021043
v -0.0625 1.4851436269878473 -0.55156301421735
v -0.0625 -0.005131193192153383 -0.3594863099102765
v -0.0625 0.06770464901438866 -0.7908807814674161
v -0.4375 1.4851436269878473 -0.55156301421735
v -0.4375 1.4123077847813055 -0.12016854266021043
v -0.4375 0.06770464901438866 -0.7908807814674161
v -0.4375 -0.005131193192153383 -0.3594863099102765
vt 0.6640625 0.4921875
vt 0.7109375 0.4921875
vt 0.7109375 0.3125
vt 0.6640625 0.3125
vt 0.609375 0.4921875
vt 0.6640625 0.4921875
vt 0.6640625 0.3125
vt 0.609375 0.3125
vt 0.765625 0.4921875
vt 0.8125 0.4921875
vt 0.8125 0.3125
vt 0.765625 0.3125
vt 0.7109375 0.4921875
vt 0.765625 0.4921875
vt 0.765625 0.3125
vt 0.7109375 0.3125
vt 0.7109375 0.4921875
vt 0.6640625 0.4921875
vt 0.6640625 0.546875
vt 0.7109375 0.546875
vt 0.7578125 0.546875
vt 0.7109375 0.546875
vt 0.7109375 0.4921875
vt 0.7578125 0.4921875
vn 0 0.16648192504352427 -0.9860445064163191
vn 1 0 0
vn 0 -0.16648192504352427 0.9860445064163191
vn -1 0 0
vn 0 0.9860445064163191 0.16648192504352427
vn 0 -0.9860445064163191 -0.16648192504352427
usemtl m_e7477a7d-bb80-bf1b-43c4-2833dfc8b45d
f 108/316/79 111/315/79 109/314/79 106/313/79
f 107/320/80 108/319/80 106/318/80 105/317/80
f 112/324/81 107/323/81 105/322/81 110/321/81
f 111/328/82 112/327/82 110/326/82 109/325/82
f 110/332/83 105/331/83 106/330/83 109/329/83
f 111/336/84 108/335/84 107/334/84 112/333/84
o left leg top
v -0.0625 2.13851855904511 0.18539459314948115
v -0.0625 2.3000462484944095 -0.22119494869975365
v -0.0625 1.2091710348182878 -0.18381155416320333
v -0.0625 1.3706987242675872 -0.5904010960124382
v -0.4375 2.3000462484944095 -0.22119494869975365
v -0.4375 2.13851855904511 0.18539459314948115
v -0.4375 1.3706987242675872 -0.5904010960124382
v -0.4375 1.2091710348182878 -0.18381155416320333
vt 0.6640625 0.4921875
vt 0.7109375 0.4921875
vt 0.7109375 0.3671875
vt 0.6640625 0.3671875
vt 0.609375 0.4921875
vt 0.6640625 0.4921875
vt 0.6640625 0.3671875
vt 0.609375 0.3671875
vt 0.765625 0.4921875
vt 0.8125 0.4921875
vt 0.8125 0.3671875
vt 0.765625 0.3671875
vt 0.7109375 0.4921875
vt 0.765625 0.4921875
vt 0.765625 0.3671875
vt 0.7109375 0.3671875
vt 0.7109375 0.4921875
vt 0.6640625 0.4921875
vt 0.6640625 0.546875
vt 0.7109375 0.546875
vt 0.7578125 0.546875
vt 0.7109375 0.546875
vt 0.7109375 0.4921875
vt 0.7578125 0.4921875
vn 0 0.3692061473126845 -0.9293475242268224
vn 1 0 0
vn 0 -0.3692061473126845 0.9293475242268224
vn -1 0 0
vn 0 0.9293475242268224 0.3692061473126845
vn 0 -0.9293475242268224 -0.3692061473126845
usemtl m_e7477a7d-bb80-bf1b-43c4-2833dfc8b45d
f 116/340/85 119/339/85 117/338/85 114/337/85
f 115/344/86 116/343/86 114/342/86 113/341/86
f 120/348/87 115/347/87 113/346/87 118/345/87
f 119/352/88 120/351/88 118/350/88 117/349/88
f 118/356/89 113/355/89 114/354/89 117/353/89
f 119/360/90 116/359/90 115/358/90 120/357/90
o right leg bottom
v 0.4375 1.4645000592219553 0.22507386500166082
v 0.4375 1.205802088062888 -0.1277456493653628
v 0.4375 0.30523594058744896 1.0750814845243102
v 0.4375 0.04653796942838162 0.7222619701572868
v 0.0625 1.205802088062888 -0.1277456493653628
v 0.0625 1.4645000592219553 0.22507386500166082
v 0.0625 0.04653796942838162 0.7222619701572868
v 0.0625 0.30523594058744896 1.0750814845243102
vt 0.6640625 0.4921875
vt 0.7109375 0.4921875
vt 0.7109375 0.3125
vt 0.6640625 0.3125
vt 0.609375 0.4921875
vt 0.6640625 0.4921875
vt 0.6640625 0.3125
vt 0.609375 0.3125
vt 0.765625 0.4921875
vt 0.8125 0.4921875
vt 0.8125 0.3125
vt 0.765625 0.3125
vt 0.7109375 0.4921875
vt 0.765625 0.4921875
vt 0.765625 0.3125
vt 0.7109375 0.3125
vt 0.7109375 0.4921875
vt 0.6640625 0.4921875
vt 0.6640625 0.546875
vt 0.7109375 0.546875
vt 0.7578125 0.546875
vt 0.7109375 0.546875
vt 0.7109375 0.4921875
vt 0.7578125 0.4921875
vn 0 -0.5913096483635822 -0.8064446042674827
vn 1 0 0
vn 0 0.5913096483635822 0.8064446042674827
vn -1 0 0
vn 0 0.8064446042674827 -0.5913096483635822
vn 0 -0.8064446042674827 0.5913096483635822
usemtl m_e7477a7d-bb80-bf1b-43c4-2833dfc8b45d
f 124/364/91 127/363/91 125/362/91 122/361/91
f 123/368/92 124/367/92 122/366/92 121/365/92
f 128/372/93 123/371/93 121/370/93 126/369/93
f 127/376/94 128/375/94 126/374/94 125/373/94
f 126/380/95 121/379/95 122/378/95 125/377/95
f 127/384/96 124/383/96 123/382/96 128/381/96
o right leg top
v 0.4375 2.2218231285779715 0.010580282808967056
v 0.4375 2.0721893158729916 -0.40053523878486785
v 0.4375 1.282130507792063 0.3526004261346357
v 0.4375 1.132496695087083 -0.058515095459199196
v 0.0625 2.0721893158729916 -0.40053523878486785
v 0.0625 2.2218231285779715 0.010580282808967056
v 0.0625 1.132496695087083 -0.058515095459199196
v 0.0625 1.282130507792063 0.3526004261346357
vt 0.6640625 0.4921875
vt 0.7109375 0.4921875
vt 0.7109375 0.3671875
vt 0.6640625 0.3671875
vt 0.609375 0.4921875
vt 0.6640625 0.4921875
vt 0.6640625 0.3671875
vt 0.609375 0.3671875
vt 0.765625 0.4921875
vt 0.8125 0.4921875
vt 0.8125 0.3671875
vt 0.765625 0.3671875
vt 0.7109375 0.4921875
vt 0.765625 0.4921875
vt 0.765625 0.3671875
vt 0.7109375 0.3671875
vt 0.7109375 0.4921875
vt 0.6640625 0.4921875
vt 0.6640625 0.546875
vt 0.7109375 0.546875
vt 0.7578125 0.546875
vt 0.7109375 0.546875
vt 0.7109375 0.4921875
vt 0.7578125 0.4921875
vn 0 -0.34202014332566866 -0.9396926207859084
vn 1 0 0
vn 0 0.34202014332566866 0.9396926207859084
vn -1 0 0
vn 0 0.9396926207859084 -0.34202014332566866
vn 0 -0.9396926207859084 0.34202014332566866
usemtl m_e7477a7d-bb80-bf1b-43c4-2833dfc8b45d
f 132/388/97 135/387/97 133/386/97 130/385/97
f 131/392/98 132/391/98 130/390/98 129/389/98
f 136/396/99 131/395/99 129/394/99 134/393/99
f 135/400/100 136/399/100 134/398/100 133/397/100
f 134/404/101 129/403/101 130/402/101 133/401/101
f 135/408/102 132/407/102 131/406/102 136/405/102