# Made in Blockbench 4.8.3
mtllib materials.mtl

o upper back
v 0.5 4.020833333333334 0.1875
v 0.5 4.020833333333334 -0.375
v 0.5 3.0208333333333335 0.1875
v 0.5 3.0208333333333335 -0.375
v -0.5 4.020833333333334 -0.375
v -0.5 4.020833333333334 0.1875
v -0.5 3.0208333333333335 -0.375
v -0.5 3.0208333333333335 0.1875
vt 0.0703125 0.9296875
vt 0.1953125 0.9296875
vt 0.1953125 0.8046875
vt 0.0703125 0.8046875
vt 0 0.9296875
vt 0.0703125 0.9296875
vt 0.0703125 0.8046875
vt 0 0.8046875
vt 0.265625 0.9296875
vt 0.390625 0.9296875
vt 0.390625 0.8046875
vt 0.265625 0.8046875
vt 0.1953125 0.9296875
vt 0.265625 0.9296875
vt 0.265625 0.8046875
vt 0.1953125 0.8046875
vt 0.1953125 0.9296875
vt 0.0703125 0.9296875
vt 0.0703125 1
vt 0.1953125 1
vt 0.3203125 1
vt 0.1953125 1
vt 0.1953125 0.9296875
vt 0.3203125 0.9296875
vn 0 0 -1
vn 1 0 0
vn 0 0 1
vn -1 0 0
vn 0 1 0
vn 0 -1 0
usemtl m_e7477a7d-bb80-bf1b-43c4-2833dfc8b45d
f 4/4/1 7/3/1 5/2/1 2/1/1
f 3/8/2 4/7/2 2/6/2 1/5/2
f 8/12/3 3/11/3 1/10/3 6/9/3
f 7/16/4 8/15/4 6/14/4 5/13/4
f 6/20/5 1/19/5 2/18/5 5/17/5
f 7/24/6 4/23/6 3/22/6 8/21/6
o right arm bottom
v -0.5 3.317349301087913 0.8265878558004864
v -0.5 3.061223923813564 0.4718963826635185
v -0.5 1.6959025667474883 1.9974467233403677
v -0.5 1.4397771894731393 1.6427552502033995
v -0.875 3.061223923813564 0.4718963826635185
v -0.875 3.317349301087913 0.8265878558004864
v -0.875 1.4397771894731393 1.6427552502033995
v -0.875 1.6959025667474883 1.9974467233403677
vt 0.0546875 0.6171875
vt 0.1015625 0.6171875
vt 0.1015625 0.3671875
vt 0.0546875 0.3671875
vt 0 0.6171875
vt 0.0546875 0.6171875
vt 0.0546875 0.3671875
vt 0 0.3671875
vt 0.15625 0.6171875
vt 0.203125 0.6171875
vt 0.203125 0.3671875
vt 0.15625 0.3671875
vt 0.1015625 0.6171875
vt 0.15625 0.6171875
vt 0.15625 0.3671875
vt 0.1015625 0.3671875
vt 0.1015625 0.6171875
vt 0.0546875 0.6171875
vt 0.0546875 0.671875
vt 0.1015625 0.671875
vt 0.1484375 0.671875
vt 0.1015625 0.671875
vt 0.1015625 0.6171875
vt 0.1484375 0.6171875
vn 0 -0.5854294337699406 -0.8107233671702123
vn 1 0 0
vn 0 0.5854294337699406 0.8107233671702123
vn -1 0 0
vn 0 0.8107233671702123 -0.5854294337699406
vn 0 -0.8107233671702123 0.5854294337699406
usemtl m_e7477a7d-bb80-bf1b-43c4-2833dfc8b45d
f 12/28/7 15/27/7 13/26/7 10/25/7
f 11/32/8 12/31/8 10/30/8 9/29/8
f 16/36/9 11/35/9 9/34/9 14/33/9
f 15/40/10 16/39/10 14/38/10 13/37/10
f 14/44/11 9/43/11 10/42/11 13/41/11
f 15/48/12 12/47/12 11/46/12 16/45/12
o right arm top
v -0.5 4.3339178010585035 -0.12352880663734811
v -0.5 4.033687084490932 -0.441754774825557
v -0.5 3.24285733869893 0.905833650165752
v -0.5 2.942626622131359 0.5876076819775431
v -0.875 4.033687084490932 -0.441754774825557
v -0.875 4.3339178010585035 -0.12352880663734811
v -0.875 2.942626622131359 0.5876076819775431
v -0.875 3.24285733869893 0.905833650165752
vt 0.0546875 0.6171875
vt 0.1015625 0.6171875
vt 0.1015625 0.4296875
vt 0.0546875 0.4296875
vt 0 0.6171875
vt 0.0546875 0.6171875
vt 0.0546875 0.4296875
vt 0 0.4296875
vt 0.15625 0.6171875
vt 0.203125 0.6171875
vt 0.203125 0.4296875
vt 0.15625 0.4296875
vt 0.1015625 0.6171875
vt 0.15625 0.6171875
vt 0.15625 0.4296875
vt 0.1015625 0.4296875
vt 0.1015625 0.6171875
vt 0.0546875 0.6171875
vt 0.0546875 0.671875
vt 0.1015625 0.671875
vt 0.1484375 0.671875
vt 0.1015625 0.671875
vt 0.1015625 0.6171875
vt 0.1484375 0.6171875
vn 0 -0.6862416378687334 -0.7273736415730488
vn 1 0 0
vn 0 0.6862416378687334 0.7273736415730488
vn -1 0 0
vn 0 0.7273736415730488 -0.6862416378687334
vn 0 -0.7273736415730488 0.6862416378687334
usemtl m_e7477a7d-bb80-bf1b-43c4-2833dfc8b45d
f 20/52/13 23/51/13 21/50/13 18/49/13
f 19/56/14 20/55/14 18/54/14 17/53/14
f 24/60/15 19/59/15 17/58/15 22/57/15
f 23/64/16 24/63/16 22/62/16 21/61/16
f 22/68/17 17/67/17 18/66/17 21/65/17
f 23/72/18 20/71/18 19/70/18 24/69/18
o Left arm bottom
v 0.875 3.0351703368019507 -0.4812536555726754
v 0.875 3.3703147806665035 -0.7624732348105364
v 0.875 1.7495951174288717 -2.0133425418106317
v 0.875 2.0847395612934245 -2.294562121048492
v 0.5 3.3703147806665035 -0.7624732348105364
v 0.5 3.0351703368019507 -0.4812536555726754
v 0.5 2.0847395612934245 -2.294562121048492
v 0.5 1.7495951174288717 -2.0133425418106317
vt 0.0546875 0.6171875
vt 0.1015625 0.6171875
vt 0.1015625 0.3671875
vt 0.0546875 0.3671875
vt 0 0.6171875
vt 0.0546875 0.6171875
vt 0.0546875 0.3671875
vt 0 0.3671875
vt 0.15625 0.6171875
vt 0.203125 0.6171875
vt 0.203125 0.3671875
vt 0.15625 0.3671875
vt 0.1015625 0.6171875
vt 0.15625 0.6171875
vt 0.15625 0.3671875
vt 0.1015625 0.3671875
vt 0.1015625 0.6171875
vt 0.0546875 0.6171875
vt 0.0546875 0.671875
vt 0.1015625 0.671875
vt 0.1484375 0.671875
vt 0.1015625 0.671875
vt 0.1015625 0.6171875
vt 0.1484375 0.6171875
vn 0 0.766044443118978 -0.6427876096865395
vn 1 0 0
vn 0 -0.766044443118978 0.6427876096865395
vn -1 0 0
vn 0 0.6427876096865395 0.766044443118978
vn 0 -0.6427876096865395 -0.766044443118978
usemtl m_e7477a7d-bb80-bf1b-43c4-2833dfc8b45d
f 28/76/19 31/75/19 29/74/19 26/73/19
f 27/80/20 28/79/20 26/78/20 25/77/20
f 32/84/21 27/83/21 25/82/21 30/81/21
f 31/88/22 32/87/22 30/86/22 29/85/22
f 30/92/23 25/91/23 26/90/23 29/89/23
f 31/96/24 28/95/24 27/94/24 32/93/24
o left arm top
v 0.875 4.198410860413464 0.3140267201864986
v 0.875 4.444111782131242 -0.04796403531291227
v 0.875 2.9572996987011977 -0.5283764399887405
v 0.875 3.2030006204189756 -0.8903671954881514
v 0.5 4.444111782131242 -0.04796403531291227
v 0.5 4.198410860413464 0.3140267201864986
v 0.5 3.2030006204189756 -0.8903671954881514
v 0.5 2.9572996987011977 -0.5283764399887405
vt 0.0546875 0.6171875
vt 0.1015625 0.6171875
vt 0.1015625 0.4296875
vt 0.0546875 0.4296875
vt 0 0.6171875
vt 0.0546875 0.6171875
vt 0.0546875 0.4296875
vt 0 0.4296875
vt 0.15625 0.6171875
vt 0.203125 0.6171875
vt 0.203125 0.4296875
vt 0.15625 0.4296875
vt 0.1015625 0.6171875
vt 0.15625 0.6171875
vt 0.15625 0.4296875
vt 0.1015625 0.4296875
vt 0.1015625 0.6171875
vt 0.0546875 0.6171875
vt 0.0546875 0.671875
vt 0.1015625 0.671875
vt 0.1484375 0.671875
vt 0.1015625 0.671875
vt 0.1015625 0.6171875
vt 0.1484375 0.6171875
vn 0 0.5616021067834928 -0.8274074411415107
vn 1 0 0
vn 0 -0.5616021067834928 0.8274074411415107
vn -1 0 0
vn 0 0.8274074411415107 0.5616021067834928
vn 0 -0.8274074411415107 -0.5616021067834928
usemtl m_e7477a7d-bb80-bf1b-43c4-2833dfc8b45d
f 36/100/25 39/99/25 37/98/25 34/97/25
f 35/104/26 36/103/26 34/102/26 33/101/26
f 40/108/27 35/107/27 33/106/27 38/105/27
f 39/112/28 40/111/28 38/110/28 37/109/28
f 38/116/29 33/115/29 34/114/29 37/113/29
f 39/120/30 36/119/30 35/118/30 40/117/30
o cube
v 0.25 4.520833333333334 0.1875
v 0.25 4.520833333333334 -0.3125
v 0.25 3.895833333333334 0.1875
v 0.25 3.895833333333334 -0.3125
v -0.25 4.520833333333334 -0.3125
v -0.25 4.520833333333334 0.1875
v -0.25 3.895833333333334 -0.3125
v -0.25 3.895833333333334 0.1875
vt 0.453125 0.9375
vt 0.515625 0.9375
vt 0.515625 0.859375
vt 0.453125 0.859375
vt 0.390625 0.9375
vt 0.453125 0.9375
vt 0.453125 0.859375
vt 0.390625 0.859375
vt 0.578125 0.9375
vt 0.640625 0.9375
vt 0.640625 0.859375
vt 0.578125 0.859375
vt 0.515625 0.9375
vt 0.578125 0.9375
vt 0.578125 0.859375
vt 0.515625 0.859375
vt 0.515625 0.9375
vt 0.453125 0.9375
vt 0.453125 1
vt 0.515625 1
vt 0.578125 1
vt 0.515625 1
vt 0.515625 0.9375
vt 0.578125 0.9375
vn 0 0 -1
vn 1 0 0
vn 0 0 1
vn -1 0 0
vn 0 1 0
vn 0 -1 0
usemtl m_e7477a7d-bb80-bf1b-43c4-2833dfc8b45d
f 44/124/31 47/123/31 45/122/31 42/121/31
f 43/128/32 44/127/32 42/126/32 41/125/32
f 48/132/33 43/131/33 41/130/33 46/129/33
f 47/136/34 48/135/34 46/134/34 45/133/34
f 46/140/35 41/139/35 42/138/35 45/137/35
f 47/144/36 44/143/36 43/142/36 48/141/36
o cube
v -0.22211098336547147 4.346229852577076 0.1875
v -0.22211098336547147 4.346229852577076 -0.3125
v -0.02377264829266268 4.194039495324896 0.1875
v -0.02377264829266268 4.194039495324896 -0.3125
v -0.48844410855678677 3.9991377661996603 -0.3125
v -0.48844410855678677 3.9991377661996603 0.1875
v -0.290105773483978 3.8469474089474804 -0.3125
v -0.290105773483978 3.8469474089474804 0.1875
vt 0.46875 0.2421875
vt 0.5234375 0.2421875
vt 0.5234375 0.2109375
vt 0.46875 0.2109375
vt 0.40625 0.2421875
vt 0.46875 0.2421875
vt 0.46875 0.2109375
vt 0.40625 0.2109375
vt 0.5859375 0.2421875
vt 0.640625 0.2421875
vt 0.640625 0.2109375
vt 0.5859375 0.2109375
vt 0.5234375 0.2421875
vt 0.5859375 0.2421875
vt 0.5859375 0.2109375
vt 0.5234375 0.2109375
vt 0.5234375 0.2421875
vt 0.46875 0.2421875
vt 0.46875 0.3046875
vt 0.5234375 0.3046875
vt 0.578125 0.3046875
vt 0.5234375 0.3046875
vt 0.5234375 0.2421875
vt 0.578125 0.2421875
vn 0 0 -1
vn 0.6087614290087207 0.7933533402912352 0
vn 0 0 1
vn -0.6087614290087207 -0.7933533402912352 0
vn -0.7933533402912352 0.6087614290087207 0
vn 0.7933533402912352 -0.6087614290087207 0
usemtl m_e7477a7d-bb80-bf1b-43c4-2833dfc8b45d
f 52/148/37 55/147/37 53/146/37 50/145/37
f 51/152/38 52/151/38 50/150/38 49/149/38
f 56/156/39 51/155/39 49/154/39 54/153/39
f 55/160/40 56/159/40 54/158/40 53/157/40
f 54/164/41 49/163/41 50/162/41 53/161/41
f 55/168/42 52/167/42 51/166/42 56/165/42
o cube
v 0.05136340987999288 4.191878759821699 0.1875
v 0.05136340987999288 4.191878759821699 -0.3125
v 0.25615142095224086 4.335272868909461 0.1875
v 0.25615142095224086 4.335272868909461 -0.3125
v 0.3023031007835756 3.833499740445265 -0.3125
v 0.3023031007835756 3.833499740445265 0.1875
v 0.5070911118558235 3.9768938495330266 -0.3125
v 0.5070911118558235 3.9768938495330266 0.1875
vt 0.46875 0.2421875
vt 0.5234375 0.2421875
vt 0.5234375 0.2109375
vt 0.46875 0.2109375
vt 0.40625 0.2421875
vt 0.46875 0.2421875
vt 0.46875 0.2109375
vt 0.40625 0.2109375
vt 0.5859375 0.2421875
vt 0.640625 0.2421875
vt 0.640625 0.2109375
vt 0.5859375 0.2109375
vt 0.5234375 0.2421875
vt 0.5859375 0.2421875
vt 0.5859375 0.2109375
vt 0.5234375 0.2109375
vt 0.5234375 0.2421875
vt 0.46875 0.2421875
vt 0.46875 0.3046875
vt 0.5234375 0.3046875
vt 0.578125 0.3046875
vt 0.5234375 0.3046875
vt 0.5234375 0.2421875
vt 0.578125 0.2421875
vn 0 0 -1
vn -0.5735764363510462 0.8191520442889919 0
vn 0 0 1
vn 0.5735764363510462 -0.8191520442889919 0
vn -0.8191520442889919 -0.5735764363510462 0
vn 0.8191520442889919 0.5735764363510462 0
usemtl m_e7477a7d-bb80-bf1b-43c4-2833dfc8b45d
f 60/172/43 63/171/43 61/170/43 58/169/43
f 59/176/44 60/175/44 58/174/44 57/173/44
f 64/180/45 59/179/45 57/178/45 62/177/45
f 63/184/46 64/183/46 62/182/46 61/181/46
f 62/188/47 57/187/47 58/186/47 61/185/47
f 63/192/48 60/191/48 59/190/48 64/189/48
o cube
v 0.5 5.520833333333334 0.375
v 0.5 5.520833333333334 -0.4375
v 0.5 4.520833333333334 0.375
v 0.5 4.520833333333334 -0.4375
v -0.5 5.520833333333334 -0.4375
v -0.5 5.520833333333334 0.375
v -0.5 4.520833333333334 -0.4375
v -0.5 4.520833333333334 0.375
vt 0.390625 0.671875
vt 0.515625 0.671875
vt 0.515625 0.546875
vt 0.390625 0.546875
vt 0.2890625 0.671875
vt 0.390625 0.671875
vt 0.390625 0.546875
vt 0.2890625 0.546875
vt 0.6171875 0.671875
vt 0.7421875 0.671875
vt 0.7421875 0.546875
vt 0.6171875 0.546875
vt 0.515625 0.671875
vt 0.6171875 0.671875
vt 0.6171875 0.546875
vt 0.515625 0.546875
vt 0.515625 0.671875
vt 0.390625 0.671875
vt 0.390625 0.7734375
vt 0.515625 0.7734375
vt 0.640625 0.7734375
vt 0.515625 0.7734375
vt 0.515625 0.671875
vt 0.640625 0.671875
vn 0 0 -1
vn 1 0 0
vn 0 0 1
vn -1 0 0
vn 0 1 0
vn 0 -1 0
usemtl m_e7477a7d-bb80-bf1b-43c4-2833dfc8b45d
f 68/196/49 71/195/49 69/194/49 66/193/49
f 67/200/50 68/199/50 66/198/50 65/197/50
f 72/204/51 67/203/51 65/202/51 70/201/51
f 71/208/52 72/207/52 70/206/52 69/205/52
f 70/212/53 65/211/53 66/210/53 69/209/53
f 71/216/54 68/215/54 67/214/54 72/213/54
o cube
v -0.5 4.780877715321898 0.012605266461356623
v -0.5 4.6274052171964515 -0.5285531598050507
v -0.5 4.6004915732330955 0.06376276583650553
v -0.5 4.447019075107649 -0.47739566042990184
v -0.625 4.6274052171964515 -0.5285531598050507
v -0.625 4.780877715321898 0.012605266461356623
v -0.625 4.447019075107649 -0.47739566042990184
v -0.625 4.6004915732330955 0.06376276583650553
vt 0.828125 0.5390625
vt 0.84375 0.5390625
vt 0.84375 0.515625
vt 0.828125 0.515625
vt 0.7578125 0.5390625
vt 0.828125 0.5390625
vt 0.828125 0.515625
vt 0.7578125 0.515625
vt 0.9140625 0.5390625
vt 0.9296875 0.5390625
vt 0.9296875 0.515625
vt 0.9140625 0.515625
vt 0.84375 0.5390625
vt 0.9140625 0.5390625
vt 0.9140625 0.515625
vt 0.84375 0.515625
vt 0.84375 0.5390625
vt 0.828125 0.5390625
vt 0.828125 0.609375
vt 0.84375 0.609375
vt 0.859375 0.609375
vt 0.84375 0.609375
vt 0.84375 0.5390625
vt 0.859375 0.5390625
vn 0 -0.27283999666746106 -0.9620594244736134
vn 1 0 0
vn 0 0.27283999666746106 0.9620594244736134
vn -1 0 0
vn 0 0.9620594244736134 -0.27283999666746106
vn 0 -0.9620594244736134 0.27283999666746106
usemtl m_e7477a7d-bb80-bf1b-43c4-2833dfc8b45d
f 76/220/55 79/219/55 77/218/55 74/217/55
f 75/224/56 76/223/56 74/222/56 73/221/56
f 80/228/57 75/227/57 73/226/57 78/225/57
f 79/232/58 80/231/58 78/230/58 77/229/58
f 78/236/59 73/235/59 74/234/59 77/233/59
f 79/240/60 76/239/60 75/238/60 80/237/60
o cube
v 0.625 4.780877715321898 0.012605266461356623
v 0.625 4.6274052171964515 -0.5285531598050507
v 0.625 4.6004915732330955 0.06376276583650553
v 0.625 4.447019075107649 -0.47739566042990184
v 0.5 4.6274052171964515 -0.5285531598050507
v 0.5 4.780877715321898 0.012605266461356623
v 0.5 4.447019075107649 -0.47739566042990184
v 0.5 4.6004915732330955 0.06376276583650553
vt 0.8125 0.6328125
vt 0.828125 0.6328125
vt 0.828125 0.609375
vt 0.8125 0.609375
vt 0.7421875 0.6328125
vt 0.8125 0.6328125
vt 0.8125 0.609375
vt 0.7421875 0.609375
vt 0.8984375 0.6328125
vt 0.9140625 0.6328125
vt 0.9140625 0.609375
vt 0.8984375 0.609375
vt 0.828125 0.6328125
vt 0.8984375 0.6328125
vt 0.8984375 0.609375
vt 0.828125 0.609375
vt 0.828125 0.6328125
vt 0.8125 0.6328125
vt 0.8125 0.703125
vt 0.828125 0.703125
vt 0.84375 0.703125
vt 0.828125 0.703125
vt 0.828125 0.6328125
vt 0.84375 0.6328125
vn 0 -0.27283999666746106 -0.9620594244736134
vn 1 0 0
vn 0 0.27283999666746106 0.9620594244736134
vn -1 0 0
vn 0 0.9620594244736134 -0.27283999666746106
vn 0 -0.9620594244736134 0.27283999666746106
usemtl m_e7477a7d-bb80-bf1b-43c4-2833dfc8b45d
f 84/244/61 87/243/61 85/242/61 82/241/61
f 83/248/62 84/247/62 82/246/62 81/245/62
f 88/252/63 83/251/63 81/250/63 86/249/63
f 87/256/64 88/255/64 86/254/64 85/253/64
f 86/260/65 81/259/65 82/258/65 85/257/65
f 87/264/66 84/263/66 83/262/66 88/261/66
o cube
v 0.5 4.661510216779884 -0.40829573174584916
v 0.5 4.6274052171964515 -0.5285531598050507
v 0.5 4.481124074691081 -0.3571382323707002
v 0.5 4.447019075107649 -0.47739566042990184
v -0.5 4.6274052171964515 -0.5285531598050507
v -0.5 4.661510216779884 -0.40829573174584916
v -0.5 4.447019075107649 -0.47739566042990184
v -0.5 4.481124074691081 -0.3571382323707002
vt 0.59375 0.984375
vt 0.71875 0.984375
vt 0.71875 0.9609375
vt 0.59375 0.9609375
vt 0.578125 0.984375
vt 0.59375 0.984375
vt 0.59375 0.9609375
vt 0.578125 0.9609375
vt 0.734375 0.984375
vt 0.859375 0.984375
vt 0.859375 0.9609375
vt 0.734375 0.9609375
vt 0.71875 0.984375
vt 0.734375 0.984375
vt 0.734375 0.9609375
vt 0.71875 0.9609375
vt 0.71875 0.984375
vt 0.59375 0.984375
vt 0.59375 1
vt 0.71875 1
vt 0.84375 1
vt 0.71875 1
vt 0.71875 0.984375
vt 0.84375 0.984375
vn 0 -0.27283999666746106 -0.9620594244736134
vn 1 0 0
vn 0 0.27283999666746106 0.9620594244736134
vn -1 0 0
vn 0 0.9620594244736134 -0.27283999666746106
vn 0 -0.9620594244736134 0.27283999666746106
usemtl m_e7477a7d-bb80-bf1b-43c4-2833dfc8b45d
f 92/268/67 95/267/67 93/266/67 90/265/67
f 91/272/68 92/271/68 90/270/68 89/269/68
f 96/276/69 91/275/69 89/274/69 94/273/69
f 95/280/70 96/279/70 94/278/70 93/277/70
f 94/284/71 89/283/71 90/282/71 93/281/71
f 95/288/72 92/287/72 91/286/72 96/285/72
o lower back
v 0.5 3.1458333333333335 0.1875
v 0.5 3.1458333333333335 -0.375
v 0.5 1.9583333333333335 0.1875
v 0.5 1.9583333333333335 -0.375
v -0.5 3.1458333333333335 -0.375
v -0.5 3.1458333333333335 0.1875
v -0.5 1.9583333333333335 -0.375
v -0.5 1.9583333333333335 0.1875
vt 0.0703125 0.9296875
vt 0.1953125 0.9296875
vt 0.1953125 0.78125
vt 0.0703125 0.78125
vt 0 0.9296875
vt 0.0703125 0.9296875
vt 0.0703125 0.78125
vt 0 0.78125
vt 0.265625 0.9296875
vt 0.390625 0.9296875
vt 0.390625 0.78125
vt 0.265625 0.78125
vt 0.1953125 0.9296875
vt 0.265625 0.9296875
vt 0.265625 0.78125
vt 0.1953125 0.78125
vt 0.1953125 0.9296875
vt 0.0703125 0.9296875
vt 0.0703125 1
vt 0.1953125 1
vt 0.3203125 1
vt 0.1953125 1
vt 0.1953125 0.9296875
vt 0.3203125 0.9296875
vn 0 0 -1
vn 1 0 0
vn 0 0 1
vn -1 0 0
vn 0 1 0
vn 0 -1 0
usemtl m_e7477a7d-bb80-bf1b-43c4-2833dfc8b45d
f 100/292/73 103/291/73 101/290/73 98/289/73
f 99/296/74 100/295/74 98/294/74 97/293/74
f 104/300/75 99/299/75 97/298/75 102/297/75
f 103/304/76 104/303/76 102/302/76 101/301/76
f 102/308/77 97/307/77 98/306/77 101/305/77
f 103/312/78 100/311/78 99/310/78 104/309/78
o left leg bottom
v -0.0625 1.3395600059713315 -0.06322324225816545
v -0.0625 1.4155310837006136 -0.49407663420100645
v -0.0625 -0.0761011389837174 -0.31284249765437777
v -0.0625 -0.00013006125443548733 -0.7436958895972188
v -0.4375 1.4155310837006136 -0.49407663420100645
v -0.4375 1.3395600059713315 -0.06322324225816545
v -0.4375 -0.00013006125443548733 -0.7436958895972188
v -0.4375 -0.0761011389837174 -0.31284249765437777
vt 0.6640625 0.4921875
vt 0.7109375 0.4921875
vt 0.7109375 0.3125
vt 0.6640625 0.3125
vt 0.609375 0.4921875
vt 0.6640625 0.4921875
vt 0.6640625 0.3125
vt 0.609375 0.3125
vt 0.765625 0.4921875
vt 0.8125 0.4921875
vt 0.8125 0.3125
vt 0.765625 0.3125
vt 0.7109375 0.4921875
vt 0.765625 0.4921875
vt 0.765625 0.3125
vt 0.7109375 0.3125
vt 0.7109375 0.4921875
vt 0.6640625 0.4921875
vt 0.6640625 0.546875
vt 0.7109375 0.546875
vt 0.7578125 0.546875
vt 0.7109375 0.546875
vt 0.7109375 0.4921875
vt 0.7578125 0.4921875
vn 0 0.17364817766693033 -0.9848077530122081
vn 1 0 0
vn 0 -0.17364817766693033 0.9848077530122081
vn -1 0 0
vn 0 0.9848077530122081 0.17364817766693033
vn 0 -0.9848077530122081 -0.17364817766693033
usemtl m_e7477a7d-bb80-bf1b-43c4-2833dfc8b45d
f 108/316/79 111/315/79 109/314/79 106/313/79
f 107/320/80 108/319/80 106/318/80 105/317/80
f 112/324/81 107/323/81 105/322/81 110/321/81
f 111/328/82 112/327/82 110/326/82 109/325/82
f 110/332/83 105/331/83 106/330/83 109/329/83
f 111/336/84 108/335/84 107/334/84 112/333/84
o left leg top
v -0.0625 2.102105962803601 0.17352429517276557
v -0.0625 2.2275823771147034 -0.24559611646526086
v -0.0625 1.1441164504881125 -0.11327893753832474
v -0.0625 1.2695928647992145 -0.5323993491763511
v -0.4375 2.2275823771147034 -0.24559611646526086
v -0.4375 2.102105962803601 0.17352429517276557
v -0.4375 1.2695928647992145 -0.5323993491763511
v -0.4375 1.1441164504881125 -0.11327893753832474
vt 0.6640625 0.4921875
vt 0.7109375 0.4921875
vt 0.7109375 0.3671875
vt 0.6640625 0.3671875
vt 0.609375 0.4921875
vt 0.6640625 0.4921875
vt 0.6640625 0.3671875
vt 0.609375 0.3671875
vt 0.765625 0.4921875
vt 0.8125 0.4921875
vt 0.8125 0.3671875
vt 0.765625 0.3671875
vt 0.7109375 0.4921875
vt 0.765625 0.4921875
vt 0.765625 0.3671875
vt 0.7109375 0.3671875
vt 0.7109375 0.4921875
vt 0.6640625 0.4921875
vt 0.6640625 0.546875
vt 0.7109375 0.546875
vt 0.7578125 0.546875
vt 0.7109375 0.546875
vt 0.7109375 0.4921875
vt 0.7578125 0.4921875
vn 0 0.28680323271109026 -0.9579895123154889
vn 1 0 0
vn 0 -0.28680323271109026 0.9579895123154889
vn -1 0 0
vn 0 0.9579895123154889 0.28680323271109026
vn 0 -0.9579895123154889 -0.28680323271109026
usemtl m_e7477a7d-bb80-bf1b-43c4-2833dfc8b45d
f 116/340/85 119/339/85 117/338/85 114/337/85
f 115/344/86 116/343/86 114/342/86 113/341/86
f 120/348/87 115/347/87 113/346/87 118/345/87
f 119/352/88 120/351/88 118/350/88 117/349/88
f 118/356/89 113/355/89 114/354/89 117/353/89
f 119/360/90 116/359/90 115/358/90 120/357/90
o right leg bottom
v 0.4375 1.4892497532047273 0.3138181383726588
v 0.4375 1.0971497799424121 0.11974634503913073
v 0.4375 0.8515852893945637 1.6021466219488376
v 0.4375 0.4594853161322484 1.4080748286153095
v 0.0625 1.0971497799424121 0.11974634503913073
v 0.0625 1.4892497532047273 0.3138181383726588
v 0.0625 0.4594853161322484 1.4080748286153095
v 0.0625 0.8515852893945637 1.6021466219488376
vt 0.6640625 0.4921875
vt 0.7109375 0.4921875
vt 0.7109375 0.3125
vt 0.6640625 0.3125
vt 0.609375 0.4921875
vt 0.6640625 0.4921875
vt 0.6640625 0.3125
vt 0.609375 0.3125
vt 0.765625 0.4921875
vt 0.8125 0.4921875
vt 0.8125 0.3125
vt 0.765625 0.3125
vt 0.7109375 0.4921875
vt 0.765625 0.4921875
vt 0.765625 0.3125
vt 0.7109375 0.3125
vt 0.7109375 0.4921875
vt 0.6640625 0.4921875
vt 0.6640625 0.546875
vt 0.7109375 0.546875
vt 0.7578125 0.546875
vt 0.7109375 0.546875
vt 0.7109375 0.4921875
vt 0.7578125 0.4921875
vn 0 -0.8962285103138636 -0.4435926704766357
vn 1 0 0
vn 0 0.8962285103138636 0.4435926704766357
vn -1 0 0
vn 0 0.4435926704766357 -0.8962285103138636
vn 0 -0.4435926704766357 0.8962285103138636
usemtl m_e7477a7d-bb80-bf1b-43c4-2833dfc8b45d
f 124/364/91 127/363/91 125/362/91 122/361/91
f 123/368/92 124/367/92 122/366/92 121/365/92
f 128/372/93 123/371/93 121/370/93 126/369/93
f 127/376/94 128/375/94 126/374/94 125/373/94
f 126/380/95 121/379/95 122/378/95 125/377/95
f 127/384/96 124/383/96 123/382/96 128/381/96
o right leg top
v 0.4375 2.1559926650292334 -0.09577163290638435
v 0.4375 1.8846396375993697 -0.43895348630869874
v 0.4375 1.3715770001096577 0.5244638583618757
v 0.4375 1.1002239726797938 0.18128200495956137
v 0.0625 1.8846396375993697 -0.43895348630869874
v 0.0625 2.1559926650292334 -0.09577163290638435
v 0.0625 1.1002239726797938 0.18128200495956137
v 0.0625 1.3715770001096577 0.5244638583618757
vt 0.6640625 0.4921875
vt 0.7109375 0.4921875
vt 0.7109375 0.3671875
vt 0.6640625 0.3671875
vt 0.609375 0.4921875
vt 0.6640625 0.4921875
vt 0.6640625 0.3671875
vt 0.609375 0.3671875
vt 0.765625 0.4921875
vt 0.8125 0.4921875
vt 0.8125 0.3671875
vt 0.765625 0.3671875
vt 0.7109375 0.4921875
vt 0.765625 0.4921875
vt 0.765625 0.3671875
vt 0.7109375 0.3671875
vt 0.7109375 0.4921875
vt 0.6640625 0.4921875
vt 0.6640625 0.546875
vt 0.7109375 0.546875
vt 0.7578125 0.546875
vt 0.7109375 0.546875
vt 0.7109375 0.4921875
vt 0.7578125 0.4921875
vn 0 -0.62023549126826 -0.7844156649195757
vn 1 0 0
vn 0 0.62023549126826 0.7844156649195757
vn -1 0 0
vn 0 0.7844156649195757 -0.62023549126826
vn 0 -0.7844156649195757 0.62023549126826
usemtl m_e7477a7d-bb80-bf1b-43c4-2833dfc8b45d
f 132/388/97 135/387/97 133/386/97 130/385/97
f 131/392/98 132/391/98 130/390/98 129/389/98
f 136/396/99 131/395/99 129/394/99 134/393/99
f 135/400/100 136/399/100 134/398/100 133/397/100
f 134/404/101 129/403/101 130/402/101 133/401/101
f 135/408/102 132/407/102 131/406/102 136/405/102